Stage	Tumor Location	Year of Diagnosis	Age Group	Age-Adjusted Rate	Count	Population	Std Pop
1	Distal	2000	0	0.0	0	1123953	3794901
1	Distal	2000	1	0.0	0	4493645	15191619
1	Distal	2000	2	0.0	0	6014762	19919840
1	Distal	2000	3	0.0	0	5906367	20056779
1	Distal	2000	4	0.0	1	5686059	19819518
1	Distal	2000	5	0.1	8	5432644	18257225
1	Distal	2000	6	0.5	22	5623783	17722067
1	Distal	2000	7	0.9	58	6010662	19511370
1	Distal	2000	8	1.8	115	6472872	22179956
1	Distal	2000	9	3.8	239	6317668	22479229
1	Distal	2000	10	7.9	449	5600622	19805793
1	Distal	2000	11	16.4	794	4887550	17224359
1	Distal	2000	12	23.9	872	3642175	13307234
1	Distal	2000	13	37.1	1053	2835963	10654272
1	Distal	2000	14	53.9	1314	2438122	9409940
1	Distal	2000	15	61.8	1392	2250088	8725574
1	Distal	2000	16	80.0	1531	1912863	7414559
1	Distal	2000	17	81.1	1031	1271099	4900234
1	Distal	2000	18	74.4	801	1075916	4259173
1	Distal	2001	0	0.0	0	1173129	3794901
1	Distal	2001	1	0.0	0	4461077	15191619
1	Distal	2001	2	0.0	0	5921466	19919840
1	Distal	2001	3	0.0	0	6039438	20056779
1	Distal	2001	4	0.0	1	5724743	19819518
1	Distal	2001	5	0.1	11	5625901	18257225
1	Distal	2001	6	0.4	20	5510211	17722067
1	Distal	2001	7	0.8	52	6053687	19511370
1	Distal	2001	8	1.6	111	6381699	22179956
1	Distal	2001	9	3.8000000000000003	246	6406429	22479229
1	Distal	2001	10	7.9	449	5741721	19805793
1	Distal	2001	11	15.9	815	5125958	17224359
1	Distal	2001	12	24.7	928	3770621	13307234
1	Distal	2001	13	35.2	1028	2914101	10654272
1	Distal	2001	14	53.2	1303	2448484	9409940
1	Distal	2001	15	62.5	1401	2241129	8725574
1	Distal	2001	16	75.0	1437	1915556	7414559
1	Distal	2001	17	74.7	986	1318613	4900234
1	Distal	2001	18	69.8	763	1093854	4259173
1	Distal	2002	0	0.0	0	1155177	3794901
1	Distal	2002	1	0.0	0	4501200	15191619
1	Distal	2002	2	0.0	1	5817114	19919840
1	Distal	2002	3	0.0	0	6150915	20056779
1	Distal	2002	4	0.0	2	5770911	19819518
1	Distal	2002	5	0.1	6	5762504	18257225
1	Distal	2002	6	0.30000000000000004	18	5471944	17722067
1	Distal	2002	7	0.8	55	6047363	19511370
1	Distal	2002	8	2.0	125	6261179	22179956
1	Distal	2002	9	3.8	246	6439153	22479229
1	Distal	2002	10	7.4	435	5903564	19805793
1	Distal	2002	11	17.8	912	5140748	17224359
1	Distal	2002	12	24.8	1015	4094161	13307234
1	Distal	2002	13	34.4	1042	3027382	10654272
1	Distal	2002	14	50.300000000000004	1243	2470774	9409940
1	Distal	2002	15	60.5	1344	2223927	8725574
1	Distal	2002	16	72.9	1395	1914270	7414559
1	Distal	2002	17	73.5	1002	1364730	4900234
1	Distal	2002	18	70.1	780	1112959	4259173
1	Distal	2003	0	0.0	0	1167353	3794901
1	Distal	2003	1	0.0	0	4538931	15191619
1	Distal	2003	2	0.0	0	5723028	19919840
1	Distal	2003	3	0.0	0	6218900	20056779
1	Distal	2003	4	0.0	4	5836843	19819518
1	Distal	2003	5	0.2	14	5843252	18257225
1	Distal	2003	6	0.4	23	5486864	17722067
1	Distal	2003	7	1.0	52	5983870	19511370
1	Distal	2003	8	2.1	125	6145730	22179956
1	Distal	2003	9	3.7	234	6454280	22479229
1	Distal	2003	10	7.6	458	6040156	19805793
1	Distal	2003	11	17.1	894	5240686	17224359
1	Distal	2003	12	23.3	998	4283589	13307234
1	Distal	2003	13	33.9	1085	3198860	10654272
1	Distal	2003	14	49.6	1254	2524001	9409940
1	Distal	2003	15	57.5	1269	2206943	8725574
1	Distal	2003	16	68.1	1301	1914009	7414559
1	Distal	2003	17	73.2	1022	1397935	4900234
1	Distal	2003	18	71.8	821	1142624	4259173
1	Distal	2004	0	0.1	1	1172686	3794901
1	Distal	2004	1	0.0	0	4583485	15191619
1	Distal	2004	2	0.0	0	5643903	19919840
1	Distal	2004	3	0.0	0	6231354	20056779
1	Distal	2004	4	0.0	3	5936630	19819518
1	Distal	2004	5	0.30000000000000004	14	5909181	18257225
1	Distal	2004	6	0.4	24	5573085	17722067
1	Distal	2004	7	1.0	55	5884695	19511370
1	Distal	2004	8	1.9000000000000001	115	6049887	22179956
1	Distal	2004	9	3.3	220	6477140	22479229
1	Distal	2004	10	7.8	475	6131734	19805793
1	Distal	2004	11	18.5	981	5368022	17224359
1	Distal	2004	12	22.3	1001	4494532	13307234
1	Distal	2004	13	31.8	1061	3332349	10654272
1	Distal	2004	14	47.1	1216	2583068	9409940
1	Distal	2004	15	54.9	1201	2189003	8725574
1	Distal	2004	16	67.5	1281	1898091	7414559
1	Distal	2004	17	71.1	1018	1432237	4900234
1	Distal	2004	18	64.7	753	1164503	4259173
1	Distal	2005	0	0.0	0	1136051	3794901
1	Distal	2005	1	0.0	0	4486608	15191619
1	Distal	2005	2	0.0	0	5429324	19919840
1	Distal	2005	3	0.0	0	6007382	20056779
1	Distal	2005	4	0.0	2	5889330	19819518
1	Distal	2005	5	0.1	6	5736685	18257225
1	Distal	2005	6	0.4	20	5527856	17722067
1	Distal	2005	7	1.0	52	5591393	19511370
1	Distal	2005	8	1.9	106	5883370	22179956
1	Distal	2005	9	4.1	261	6249039	22479229
1	Distal	2005	10	7.1	433	6057136	19805793
1	Distal	2005	11	18.0	962	5343760	17224359
1	Distal	2005	12	22.9	1053	4600833	13307234
1	Distal	2005	13	31.400000000000002	1051	3350764	10654272
1	Distal	2005	14	43.3	1109	2561897	9409940
1	Distal	2005	15	53.9	1147	2124936	8725574
1	Distal	2005	16	61.0	1123	1842131	7414559
1	Distal	2005	17	64.4	911	1415603	4900234
1	Distal	2005	18	57.4	677	1180301	4259173
1	Distal	2006	0	0.0	0	1160852	3794901
1	Distal	2006	1	0.0	0	4583974	15191619
1	Distal	2006	2	0.0	0	5572891	19919840
1	Distal	2006	3	0.0	0	6086664	20056779
1	Distal	2006	4	0.0	2	6154466	19819518
1	Distal	2006	5	0.2	12	5890891	18257225
1	Distal	2006	6	0.5	22	5818474	17722067
1	Distal	2006	7	1.2	65	5580486	19511370
1	Distal	2006	8	1.6	100	6044427	22179956
1	Distal	2006	9	4.6	279	6297825	22479229
1	Distal	2006	10	8.0	506	6285693	19805793
1	Distal	2006	11	18.1	1016	5623573	17224359
1	Distal	2006	12	21.0	1037	4946510	13307234
1	Distal	2006	13	29.0	1030	3559967	10654272
1	Distal	2006	14	45.4	1226	2703241	9409940
1	Distal	2006	15	53.5	1171	2192274	8725574
1	Distal	2006	16	59.3	1118	1885792	7414559
1	Distal	2006	17	64.9	945	1455580	4900234
1	Distal	2006	18	56.2	705	1255977	4259173
1	Distal	2007	0	0.0	0	1196660	3794901
1	Distal	2007	1	0.0	0	4594421	15191619
1	Distal	2007	2	0.0	0	5597032	19919840
1	Distal	2007	3	0.0	0	6014342	20056779
1	Distal	2007	4	0.0	4	6248052	19819518
1	Distal	2007	5	0.1	9	5901284	18257225
1	Distal	2007	6	0.5	26	5922782	17722067
1	Distal	2007	7	0.8	45	5536657	19511370
1	Distal	2007	8	1.8	111	6031588	22179956
1	Distal	2007	9	4.2	260	6174095	22479229
1	Distal	2007	10	8.1	508	6312614	19805793
1	Distal	2007	11	19.3	1116	5783821	17224359
1	Distal	2007	12	22.9	1135	4958293	13307234
1	Distal	2007	13	29.7	1147	3871309	10654272
1	Distal	2007	14	44.3	1246	2810970	9409940
1	Distal	2007	15	52.9	1171	2213562	8725574
1	Distal	2007	16	58.6	1099	1875483	7414559
1	Distal	2007	17	59.5	870	1461775	4900234
1	Distal	2007	18	59.6	778	1305936	4259173
1	Distal	2008	0	0.0	0	1195094	3794901
1	Distal	2008	1	0.0	0	4637301	15191619
1	Distal	2008	2	0.0	0	5656971	19919840
1	Distal	2008	3	0.0	0	5958739	20056779
1	Distal	2008	4	0.0	4	6304058	19819518
1	Distal	2008	5	0.2	14	5936553	18257225
1	Distal	2008	6	0.4	32	6016049	17722067
1	Distal	2008	7	0.8	49	5570024	19511370
1	Distal	2008	8	2.4	142	5979214	22179956
1	Distal	2008	9	4.4	266	6066838	22479229
1	Distal	2008	10	7.6	484	6327512	19805793
1	Distal	2008	11	19.700000000000003	1164	5925371	17224359
1	Distal	2008	12	21.5	1085	5065472	13307234
1	Distal	2008	13	28.0	1134	4055528	10654272
1	Distal	2008	14	39.6	1179	2977431	9409940
1	Distal	2008	15	47.0	1064	2262028	8725574
1	Distal	2008	16	56.7	1058	1864482	7414559
1	Distal	2008	17	60.7	889	1467035	4900234
1	Distal	2008	18	52.6	712	1353083	4259173
1	Distal	2009	0	0.0	0	1146548	3794901
1	Distal	2009	1	0.0	0	4664913	15191619
1	Distal	2009	2	0.0	0	5739367	19919840
1	Distal	2009	3	0.0	0	5925524	20056779
1	Distal	2009	4	0.0	4	6310686	19819518
1	Distal	2009	5	0.2	16	6010909	18257225
1	Distal	2009	6	0.6000000000000001	41	6059001	17722067
1	Distal	2009	7	1.2000000000000002	70	5662291	19511370
1	Distal	2009	8	2.0	124	5891266	22179956
1	Distal	2009	9	4.4	264	5973354	22479229
1	Distal	2009	10	8.6	543	6352974	19805793
1	Distal	2009	11	20.0	1208	6026377	17224359
1	Distal	2009	12	22.4	1169	5202748	13307234
1	Distal	2009	13	26.0	1107	4273752	10654272
1	Distal	2009	14	38.3	1192	3114864	9409940
1	Distal	2009	15	44.3	1028	2321944	8725574
1	Distal	2009	16	50.5	940	1858583	7414559
1	Distal	2009	17	51.6	758	1465380	4900234
1	Distal	2009	18	50.3	704	1402232	4259173
1	Distal	2010	0	0.0	0	1133096	3794901
1	Distal	2010	1	0.0	0	4657004	15191619
1	Distal	2010	2	0.0	0	5796285	19919840
1	Distal	2010	3	0.0	0	5915019	20056779
1	Distal	2010	4	0.0	2	6255772	19819518
1	Distal	2010	5	0.1	9	6113218	18257225
1	Distal	2010	6	0.4	33	6059938	17722067
1	Distal	2010	7	1.2	71	5782020	19511370
1	Distal	2010	8	2.0	114	5768546	22179956
1	Distal	2010	9	4.8	283	5971942	22479229
1	Distal	2010	10	7.9	491	6304576	19805793
1	Distal	2010	11	19.4	1191	6133641	17224359
1	Distal	2010	12	20.2	1083	5351059	13307234
1	Distal	2010	13	25.3	1144	4511342	10654272
1	Distal	2010	14	35.4	1145	3239597	9409940
1	Distal	2010	15	43.199999999999996	1028	2378879	8725574
1	Distal	2010	16	44.2	824	1864112	7414559
1	Distal	2010	17	47.699999999999996	704	1473432	4900234
1	Distal	2010	18	42.2	612	1451061	4259173
1	Distal	2011	0	0.0	0	1143721	3794901
1	Distal	2011	1	0.0	0	4637626	15191619
1	Distal	2011	2	0.0	0	5803527	19919840
1	Distal	2011	3	0.0	0	5906423	20056779
1	Distal	2011	4	0.1	5	6147140	19819518
1	Distal	2011	5	0.1	9	6278343	18257225
1	Distal	2011	6	0.6000000000000001	35	6100594	17722067
1	Distal	2011	7	0.9	54	5904792	19511370
1	Distal	2011	8	2.0	114	5649994	22179956
1	Distal	2011	9	4.0	241	6014260	22479229
1	Distal	2011	10	8.1	503	6199093	19805793
1	Distal	2011	11	18.4	1139	6197603	17224359
1	Distal	2011	12	17.9	979	5490930	13307234
1	Distal	2011	13	23.1	1096	4725529	10654272
1	Distal	2011	14	33.8	1133	3357206	9409940
1	Distal	2011	15	39.4	970	2453900	8725574
1	Distal	2011	16	45.2	850	1882410	7414559
1	Distal	2011	17	46.3	686	1478784	4900234
1	Distal	2011	18	43.199999999999996	646	1492601	4259173
1	Distal	2012	0	0.0	0	1125580	3794901
1	Distal	2012	1	0.0	0	4608080	15191619
1	Distal	2012	2	0.0	0	5847889	19919840
1	Distal	2012	3	0.0	1	5874869	20056779
1	Distal	2012	4	0.0	4	6060994	19819518
1	Distal	2012	5	0.2	13	6408605	18257225
1	Distal	2012	6	0.5	35	6127510	17722067
1	Distal	2012	7	1.2	71	6016053	19511370
1	Distal	2012	8	2.0	114	5630605	22179956
1	Distal	2012	9	4.3	269	6014087	22479229
1	Distal	2012	10	7.6000000000000005	463	6094314	19805793
1	Distal	2012	11	19.4	1212	6215561	17224359
1	Distal	2012	12	18.8	1061	5643839	13307234
1	Distal	2012	13	22.4	1064	4739343	10654272
1	Distal	2012	14	32.0	1166	3650502	9409940
1	Distal	2012	15	35.7	915	2559558	8725574
1	Distal	2012	16	42.4	808	1908761	7414559
1	Distal	2012	17	45.0	666	1480034	4900234
1	Distal	2012	18	39.699999999999996	610	1537597	4259173
1	Distal	2013	0	0.0	0	1126675	3794901
1	Distal	2013	1	0.0	0	4565554	15191619
1	Distal	2013	2	0.0	0	5879676	19919840
1	Distal	2013	3	0.0	1	5861317	20056779
1	Distal	2013	4	0.0	2	5993951	19819518
1	Distal	2013	5	0.2	12	6473639	18257225
1	Distal	2013	6	0.5	32	6185941	17722067
1	Distal	2013	7	1.1	66	6117944	19511370
1	Distal	2013	8	1.4	84	5664590	22179956
1	Distal	2013	9	4.0	234	5966637	22479229
1	Distal	2013	10	7.7	453	5991529	19805793
1	Distal	2013	11	17.900000000000002	1120	6226744	17224359
1	Distal	2013	12	18.4	1061	5764512	13307234
1	Distal	2013	13	22.1	1064	4831089	10654272
1	Distal	2013	14	29.8	1137	3824462	9409940
1	Distal	2013	15	34.1	926	2714071	8725574
1	Distal	2013	16	38.1	747	1957895	7414559
1	Distal	2013	17	42.2	625	1478534	4900234
1	Distal	2013	18	37.5	590	1572939	4259173
1	Distal	2014	0	0.0	0	1127848	3794901
1	Distal	2014	1	0.0	0	4563759	15191619
1	Distal	2014	2	0.0	0	5859917	19919840
1	Distal	2014	3	0.0	0	5860705	20056779
1	Distal	2014	4	0.1	7	5941025	19819518
1	Distal	2014	5	0.2	14	6496974	18257225
1	Distal	2014	6	0.5	28	6311163	17722067
1	Distal	2014	7	1.1	72	6191431	19511370
1	Distal	2014	8	2.6	146	5736799	22179956
1	Distal	2014	9	4.1	241	5881834	22479229
1	Distal	2014	10	7.6	444	5916489	19805793
1	Distal	2014	11	20.7	1289	6235869	17224359
1	Distal	2014	12	19.4	1132	5850304	13307234
1	Distal	2014	13	23.0	1138	4955482	10654272
1	Distal	2014	14	29.9	1199	4014338	9409940
1	Distal	2014	15	31.3	888	2838658	8725574
1	Distal	2014	16	37.4	754	2019235	7414559
1	Distal	2014	17	39.4	584	1478454	4900234
1	Distal	2014	18	33.4	537	1607353	4259173
1	Proximal	2000	0	0.0	0	1123953	3794901
1	Proximal	2000	1	0.0	0	4493645	15191619
1	Proximal	2000	2	0.0	0	6014762	19919840
1	Proximal	2000	3	0.0	0	5906367	20056779
1	Proximal	2000	4	0.0	2	5686059	19819518
1	Proximal	2000	5	0.0	2	5432644	18257225
1	Proximal	2000	6	0.2	11	5623783	17722067
1	Proximal	2000	7	0.5	24	6010662	19511370
1	Proximal	2000	8	0.9	50	6472872	22179956
1	Proximal	2000	9	1.0	65	6317668	22479229
1	Proximal	2000	10	2.3	130	5600622	19805793
1	Proximal	2000	11	4.4	218	4887550	17224359
1	Proximal	2000	12	7.4	271	3642175	13307234
1	Proximal	2000	13	14.6	415	2835963	10654272
1	Proximal	2000	14	26.5	646	2438122	9409940
1	Proximal	2000	15	37.2	836	2250088	8725574
1	Proximal	2000	16	56.199999999999996	1075	1912863	7414559
1	Proximal	2000	17	71.2	904	1271099	4900234
1	Proximal	2000	18	78.7	848	1075916	4259173
1	Proximal	2001	0	0.0	0	1173129	3794901
1	Proximal	2001	1	0.0	0	4461077	15191619
1	Proximal	2001	2	0.0	0	5921466	19919840
1	Proximal	2001	3	0.0	1	6039438	20056779
1	Proximal	2001	4	0.0	1	5724743	19819518
1	Proximal	2001	5	0.0	4	5625901	18257225
1	Proximal	2001	6	0.2	11	5510211	17722067
1	Proximal	2001	7	0.30000000000000004	20	6053687	19511370
1	Proximal	2001	8	0.6000000000000001	41	6381699	22179956
1	Proximal	2001	9	1.0	65	6406429	22479229
1	Proximal	2001	10	2.0	118	5741721	19805793
1	Proximal	2001	11	5.1	263	5125958	17224359
1	Proximal	2001	12	8.0	300	3770621	13307234
1	Proximal	2001	13	16.1	472	2914101	10654272
1	Proximal	2001	14	26.1	636	2448484	9409940
1	Proximal	2001	15	40.2	903	2241129	8725574
1	Proximal	2001	16	59.1	1131	1915556	7414559
1	Proximal	2001	17	68.3	900	1318613	4900234
1	Proximal	2001	18	86.9	950	1093854	4259173
1	Proximal	2002	0	0.0	0	1155177	3794901
1	Proximal	2002	1	0.0	0	4501200	15191619
1	Proximal	2002	2	0.0	0	5817114	19919840
1	Proximal	2002	3	0.0	1	6150915	20056779
1	Proximal	2002	4	0.1	3	5770911	19819518
1	Proximal	2002	5	0.1	3	5762504	18257225
1	Proximal	2002	6	0.1	8	5471944	17722067
1	Proximal	2002	7	0.4	26	6047363	19511370
1	Proximal	2002	8	0.7000000000000001	42	6261179	22179956
1	Proximal	2002	9	1.1	78	6439153	22479229
1	Proximal	2002	10	2.3	131	5903564	19805793
1	Proximal	2002	11	4.7	234	5140748	17224359
1	Proximal	2002	12	8.1	332	4094161	13307234
1	Proximal	2002	13	15.0	453	3027382	10654272
1	Proximal	2002	14	25.1	622	2470774	9409940
1	Proximal	2002	15	41.9	931	2223927	8725574
1	Proximal	2002	16	56.6	1085	1914270	7414559
1	Proximal	2002	17	75.2	1027	1364730	4900234
1	Proximal	2002	18	81.5	908	1112959	4259173
1	Proximal	2003	0	0.0	0	1167353	3794901
1	Proximal	2003	1	0.0	0	4538931	15191619
1	Proximal	2003	2	0.0	0	5723028	19919840
1	Proximal	2003	3	0.0	1	6218900	20056779
1	Proximal	2003	4	0.0	1	5836843	19819518
1	Proximal	2003	5	0.0	4	5843252	18257225
1	Proximal	2003	6	0.2	9	5486864	17722067
1	Proximal	2003	7	0.4	21	5983870	19511370
1	Proximal	2003	8	0.6000000000000001	41	6145730	22179956
1	Proximal	2003	9	1.0	68	6454280	22479229
1	Proximal	2003	10	2.0	118	6040156	19805793
1	Proximal	2003	11	5.1	267	5240686	17224359
1	Proximal	2003	12	8.6	370	4283589	13307234
1	Proximal	2003	13	14.5	463	3198860	10654272
1	Proximal	2003	14	24.2	613	2524001	9409940
1	Proximal	2003	15	38.8	857	2206943	8725574
1	Proximal	2003	16	57.2	1093	1914009	7414559
1	Proximal	2003	17	71.0	992	1397935	4900234
1	Proximal	2003	18	75.5	862	1142624	4259173
1	Proximal	2004	0	0.0	0	1172686	3794901
1	Proximal	2004	1	0.0	0	4583485	15191619
1	Proximal	2004	2	0.0	0	5643903	19919840
1	Proximal	2004	3	0.0	2	6231354	20056779
1	Proximal	2004	4	0.1	4	5936630	19819518
1	Proximal	2004	5	0.1	10	5909181	18257225
1	Proximal	2004	6	0.30000000000000004	10	5573085	17722067
1	Proximal	2004	7	0.30000000000000004	16	5884695	19511370
1	Proximal	2004	8	0.5	32	6049887	22179956
1	Proximal	2004	9	0.9	68	6477140	22479229
1	Proximal	2004	10	2.4	144	6131734	19805793
1	Proximal	2004	11	5.1000000000000005	270	5368022	17224359
1	Proximal	2004	12	8.2	364	4494532	13307234
1	Proximal	2004	13	14.3	475	3332349	10654272
1	Proximal	2004	14	24.599999999999998	636	2583068	9409940
1	Proximal	2004	15	38.199999999999996	837	2189003	8725574
1	Proximal	2004	16	53.7	1022	1898091	7414559
1	Proximal	2004	17	70.9	1015	1432237	4900234
1	Proximal	2004	18	70.0	816	1164503	4259173
1	Proximal	2005	0	0.0	0	1136051	3794901
1	Proximal	2005	1	0.0	0	4486608	15191619
1	Proximal	2005	2	0.0	0	5429324	19919840
1	Proximal	2005	3	0.0	1	6007382	20056779
1	Proximal	2005	4	0.1	7	5889330	19819518
1	Proximal	2005	5	0.0	5	5736685	18257225
1	Proximal	2005	6	0.2	14	5527856	17722067
1	Proximal	2005	7	0.30000000000000004	20	5591393	19511370
1	Proximal	2005	8	0.7000000000000001	47	5883370	22179956
1	Proximal	2005	9	1.3	86	6249039	22479229
1	Proximal	2005	10	2.5	149	6057136	19805793
1	Proximal	2005	11	5.8	306	5343760	17224359
1	Proximal	2005	12	9.1	422	4600833	13307234
1	Proximal	2005	13	16.0	538	3350764	10654272
1	Proximal	2005	14	24.900000000000002	637	2561897	9409940
1	Proximal	2005	15	39.7	843	2124936	8725574
1	Proximal	2005	16	54.300000000000004	1001	1842131	7414559
1	Proximal	2005	17	71.0	1006	1415603	4900234
1	Proximal	2005	18	80.8	954	1180301	4259173
1	Proximal	2006	0	0.0	0	1160852	3794901
1	Proximal	2006	1	0.0	0	4583974	15191619
1	Proximal	2006	2	0.0	0	5572891	19919840
1	Proximal	2006	3	0.0	1	6086664	20056779
1	Proximal	2006	4	0.0	3	6154466	19819518
1	Proximal	2006	5	0.2	6	5890891	18257225
1	Proximal	2006	6	0.1	10	5818474	17722067
1	Proximal	2006	7	0.2	13	5580486	19511370
1	Proximal	2006	8	0.6000000000000001	38	6044427	22179956
1	Proximal	2006	9	1.5	92	6297825	22479229
1	Proximal	2006	10	2.3	141	6285693	19805793
1	Proximal	2006	11	5.2	289	5623573	17224359
1	Proximal	2006	12	8.2	402	4946510	13307234
1	Proximal	2006	13	15.0	536	3559967	10654272
1	Proximal	2006	14	26.599999999999998	722	2703241	9409940
1	Proximal	2006	15	39.9	874	2192274	8725574
1	Proximal	2006	16	56.4	1065	1885792	7414559
1	Proximal	2006	17	67.1	977	1455580	4900234
1	Proximal	2006	18	71.5	898	1255977	4259173
1	Proximal	2007	0	0.0	0	1196660	3794901
1	Proximal	2007	1	0.0	0	4594421	15191619
1	Proximal	2007	2	0.0	0	5597032	19919840
1	Proximal	2007	3	0.0	1	6014342	20056779
1	Proximal	2007	4	0.0	1	6248052	19819518
1	Proximal	2007	5	0.1	8	5901284	18257225
1	Proximal	2007	6	0.2	10	5922782	17722067
1	Proximal	2007	7	0.5	23	5536657	19511370
1	Proximal	2007	8	0.7	41	6031588	22179956
1	Proximal	2007	9	1.4000000000000001	89	6174095	22479229
1	Proximal	2007	10	2.0	125	6312614	19805793
1	Proximal	2007	11	5.8	332	5783821	17224359
1	Proximal	2007	12	8.5	425	4958293	13307234
1	Proximal	2007	13	14.4	551	3871309	10654272
1	Proximal	2007	14	27.900000000000002	783	2810970	9409940
1	Proximal	2007	15	40.1	887	2213562	8725574
1	Proximal	2007	16	52.0	976	1875483	7414559
1	Proximal	2007	17	65.3	955	1461775	4900234
1	Proximal	2007	18	67.8	886	1305936	4259173
1	Proximal	2008	0	0.0	0	1195094	3794901
1	Proximal	2008	1	0.0	0	4637301	15191619
1	Proximal	2008	2	0.0	0	5656971	19919840
1	Proximal	2008	3	0.0	1	5958739	20056779
1	Proximal	2008	4	0.0	4	6304058	19819518
1	Proximal	2008	5	0.2	8	5936553	18257225
1	Proximal	2008	6	0.1	8	6016049	17722067
1	Proximal	2008	7	0.2	18	5570024	19511370
1	Proximal	2008	8	0.7	48	5979214	22179956
1	Proximal	2008	9	1.1	74	6066838	22479229
1	Proximal	2008	10	2.3	142	6327512	19805793
1	Proximal	2008	11	5.4	317	5925371	17224359
1	Proximal	2008	12	8.5	431	5065472	13307234
1	Proximal	2008	13	13.8	558	4055528	10654272
1	Proximal	2008	14	26.9	802	2977431	9409940
1	Proximal	2008	15	41.6	941	2262028	8725574
1	Proximal	2008	16	55.7	1040	1864482	7414559
1	Proximal	2008	17	67.5	990	1467035	4900234
1	Proximal	2008	18	74.8	1011	1353083	4259173
1	Proximal	2009	0	0.0	0	1146548	3794901
1	Proximal	2009	1	0.0	0	4664913	15191619
1	Proximal	2009	2	0.0	0	5739367	19919840
1	Proximal	2009	3	0.0	0	5925524	20056779
1	Proximal	2009	4	0.1	5	6310686	19819518
1	Proximal	2009	5	0.1	8	6010909	18257225
1	Proximal	2009	6	0.2	15	6059001	17722067
1	Proximal	2009	7	0.4	26	5662291	19511370
1	Proximal	2009	8	0.6000000000000001	34	5891266	22179956
1	Proximal	2009	9	1.4	77	5973354	22479229
1	Proximal	2009	10	2.6	167	6352974	19805793
1	Proximal	2009	11	6.1000000000000005	359	6026377	17224359
1	Proximal	2009	12	7.9	417	5202748	13307234
1	Proximal	2009	13	14.7	626	4273752	10654272
1	Proximal	2009	14	23.4	728	3114864	9409940
1	Proximal	2009	15	37.7	874	2321944	8725574
1	Proximal	2009	16	52.3	972	1858583	7414559
1	Proximal	2009	17	64.6	946	1465380	4900234
1	Proximal	2009	18	66.4	930	1402232	4259173
1	Proximal	2010	0	0.0	0	1133096	3794901
1	Proximal	2010	1	0.0	0	4657004	15191619
1	Proximal	2010	2	0.0	0	5796285	19919840
1	Proximal	2010	3	0.0	1	5915019	20056779
1	Proximal	2010	4	0.1	5	6255772	19819518
1	Proximal	2010	5	0.1	9	6113218	18257225
1	Proximal	2010	6	0.1	14	6059938	17722067
1	Proximal	2010	7	0.5	27	5782020	19511370
1	Proximal	2010	8	0.7000000000000001	36	5768546	22179956
1	Proximal	2010	9	1.6	91	5971942	22479229
1	Proximal	2010	10	2.4	151	6304576	19805793
1	Proximal	2010	11	5.3	324	6133641	17224359
1	Proximal	2010	12	7.9	426	5351059	13307234
1	Proximal	2010	13	13.0	584	4511342	10654272
1	Proximal	2010	14	22.0	713	3239597	9409940
1	Proximal	2010	15	36.3	866	2378879	8725574
1	Proximal	2010	16	47.6	887	1864112	7414559
1	Proximal	2010	17	58.2	859	1473432	4900234
1	Proximal	2010	18	62.2	901	1451061	4259173
1	Proximal	2011	0	0.0	0	1143721	3794901
1	Proximal	2011	1	0.0	0	4637626	15191619
1	Proximal	2011	2	0.0	0	5803527	19919840
1	Proximal	2011	3	0.1	6	5906423	20056779
1	Proximal	2011	4	0.1	6	6147140	19819518
1	Proximal	2011	5	0.1	13	6278343	18257225
1	Proximal	2011	6	0.30000000000000004	18	6100594	17722067
1	Proximal	2011	7	0.5	26	5904792	19511370
1	Proximal	2011	8	0.7000000000000001	45	5649994	22179956
1	Proximal	2011	9	1.3	82	6014260	22479229
1	Proximal	2011	10	2.1	136	6199093	19805793
1	Proximal	2011	11	5.6000000000000005	350	6197603	17224359
1	Proximal	2011	12	7.5	414	5490930	13307234
1	Proximal	2011	13	12.200000000000001	579	4725529	10654272
1	Proximal	2011	14	21.5	721	3357206	9409940
1	Proximal	2011	15	34.3	843	2453900	8725574
1	Proximal	2011	16	44.4	836	1882410	7414559
1	Proximal	2011	17	57.1	845	1478784	4900234
1	Proximal	2011	18	59.199999999999996	884	1492601	4259173
1	Proximal	2012	0	0.0	0	1125580	3794901
1	Proximal	2012	1	0.0	0	4608080	15191619
1	Proximal	2012	2	0.0	0	5847889	19919840
1	Proximal	2012	3	0.1	3	5874869	20056779
1	Proximal	2012	4	0.2	12	6060994	19819518
1	Proximal	2012	5	0.3	19	6408605	18257225
1	Proximal	2012	6	0.4	27	6127510	17722067
1	Proximal	2012	7	0.6	37	6016053	19511370
1	Proximal	2012	8	0.8	42	5630605	22179956
1	Proximal	2012	9	1.4000000000000001	88	6014087	22479229
1	Proximal	2012	10	2.5	154	6094314	19805793
1	Proximal	2012	11	5.6	348	6215561	17224359
1	Proximal	2012	12	8.0	450	5643839	13307234
1	Proximal	2012	13	12.0	568	4739343	10654272
1	Proximal	2012	14	21.7	792	3650502	9409940
1	Proximal	2012	15	33.300000000000004	853	2559558	8725574
1	Proximal	2012	16	45.9	876	1908761	7414559
1	Proximal	2012	17	56.699999999999996	839	1480034	4900234
1	Proximal	2012	18	57.2	880	1537597	4259173
1	Proximal	2013	0	0.0	0	1126675	3794901
1	Proximal	2013	1	0.0	0	4565554	15191619
1	Proximal	2013	2	0.0	2	5879676	19919840
1	Proximal	2013	3	0.1	7	5861317	20056779
1	Proximal	2013	4	0.4	22	5993951	19819518
1	Proximal	2013	5	0.4	26	6473639	18257225
1	Proximal	2013	6	0.2	16	6185941	17722067
1	Proximal	2013	7	0.6	37	6117944	19511370
1	Proximal	2013	8	1.0	53	5664590	22179956
1	Proximal	2013	9	1.2	72	5966637	22479229
1	Proximal	2013	10	3.1	185	5991529	19805793
1	Proximal	2013	11	5.8	360	6226744	17224359
1	Proximal	2013	12	7.199999999999999	418	5764512	13307234
1	Proximal	2013	13	12.7	609	4831089	10654272
1	Proximal	2013	14	21.7	830	3824462	9409940
1	Proximal	2013	15	31.6	859	2714071	8725574
1	Proximal	2013	16	44.2	865	1957895	7414559
1	Proximal	2013	17	59.0	873	1478534	4900234
1	Proximal	2013	18	53.7	846	1572939	4259173
1	Proximal	2014	0	0.0	0	1127848	3794901
1	Proximal	2014	1	0.0	0	4563759	15191619
1	Proximal	2014	2	0.1	4	5859917	19919840
1	Proximal	2014	3	0.2	14	5860705	20056779
1	Proximal	2014	4	0.4	23	5941025	19819518
1	Proximal	2014	5	0.4	25	6496974	18257225
1	Proximal	2014	6	0.6	43	6311163	17722067
1	Proximal	2014	7	0.7000000000000001	44	6191431	19511370
1	Proximal	2014	8	1.0	53	5736799	22179956
1	Proximal	2014	9	1.8	109	5881834	22479229
1	Proximal	2014	10	2.7	168	5916489	19805793
1	Proximal	2014	11	6.3	386	6235869	17224359
1	Proximal	2014	12	8.2	481	5850304	13307234
1	Proximal	2014	13	12.0	590	4955482	10654272
1	Proximal	2014	14	21.4	861	4014338	9409940
1	Proximal	2014	15	30.6	867	2838658	8725574
1	Proximal	2014	16	42.4	856	2019235	7414559
1	Proximal	2014	17	53.1	785	1478454	4900234
1	Proximal	2014	18	53.6	862	1607353	4259173
2	Distal	2000	0	0.0	0	1123953	3794901
2	Distal	2000	1	0.0	0	4493645	15191619
2	Distal	2000	2	0.0	0	6014762	19919840
2	Distal	2000	3	0.0	0	5906367	20056779
2	Distal	2000	4	0.1	5	5686059	19819518
2	Distal	2000	5	0.1	8	5432644	18257225
2	Distal	2000	6	0.4	24	5623783	17722067
2	Distal	2000	7	1.0	65	6010662	19511370
2	Distal	2000	8	1.9000000000000001	117	6472872	22179956
2	Distal	2000	9	3.5999999999999996	228	6317668	22479229
2	Distal	2000	10	6.9	385	5600622	19805793
2	Distal	2000	11	12.2	595	4887550	17224359
2	Distal	2000	12	17.8	647	3642175	13307234
2	Distal	2000	13	30.5	865	2835963	10654272
2	Distal	2000	14	39.2	953	2438122	9409940
2	Distal	2000	15	50.6	1140	2250088	8725574
2	Distal	2000	16	57.9	1108	1912863	7414559
2	Distal	2000	17	63.099999999999994	803	1271099	4900234
2	Distal	2000	18	58.5	629	1075916	4259173
2	Distal	2001	0	0.0	0	1173129	3794901
2	Distal	2001	1	0.0	0	4461077	15191619
2	Distal	2001	2	0.0	0	5921466	19919840
2	Distal	2001	3	0.0	0	6039438	20056779
2	Distal	2001	4	0.0	5	5724743	19819518
2	Distal	2001	5	0.0	4	5625901	18257225
2	Distal	2001	6	0.6000000000000001	24	5510211	17722067
2	Distal	2001	7	0.9	58	6053687	19511370
2	Distal	2001	8	2.0	128	6381699	22179956
2	Distal	2001	9	3.4	220	6406429	22479229
2	Distal	2001	10	7.1	411	5741721	19805793
2	Distal	2001	11	12.299999999999999	630	5125958	17224359
2	Distal	2001	12	19.4	729	3770621	13307234
2	Distal	2001	13	28.200000000000003	819	2914101	10654272
2	Distal	2001	14	38.6	946	2448484	9409940
2	Distal	2001	15	47.1	1053	2241129	8725574
2	Distal	2001	16	57.900000000000006	1108	1915556	7414559
2	Distal	2001	17	60.5	798	1318613	4900234
2	Distal	2001	18	55.6	607	1093854	4259173
2	Distal	2002	0	0.0	0	1155177	3794901
2	Distal	2002	1	0.0	0	4501200	15191619
2	Distal	2002	2	0.0	0	5817114	19919840
2	Distal	2002	3	0.0	2	6150915	20056779
2	Distal	2002	4	0.0	0	5770911	19819518
2	Distal	2002	5	0.1	8	5762504	18257225
2	Distal	2002	6	0.5	26	5471944	17722067
2	Distal	2002	7	0.8	47	6047363	19511370
2	Distal	2002	8	2.2	134	6261179	22179956
2	Distal	2002	9	3.9000000000000004	249	6439153	22479229
2	Distal	2002	10	6.9	402	5903564	19805793
2	Distal	2002	11	12.8	661	5140748	17224359
2	Distal	2002	12	18.5	760	4094161	13307234
2	Distal	2002	13	26.099999999999998	788	3027382	10654272
2	Distal	2002	14	35.5	877	2470774	9409940
2	Distal	2002	15	47.9	1066	2223927	8725574
2	Distal	2002	16	54.2	1036	1914270	7414559
2	Distal	2002	17	61.0	831	1364730	4900234
2	Distal	2002	18	54.9	611	1112959	4259173
2	Distal	2003	0	0.0	0	1167353	3794901
2	Distal	2003	1	0.0	0	4538931	15191619
2	Distal	2003	2	0.0	0	5723028	19919840
2	Distal	2003	3	0.0	0	6218900	20056779
2	Distal	2003	4	0.0	3	5836843	19819518
2	Distal	2003	5	0.2	8	5843252	18257225
2	Distal	2003	6	0.4	25	5486864	17722067
2	Distal	2003	7	1.2000000000000002	67	5983870	19511370
2	Distal	2003	8	2.1	124	6145730	22179956
2	Distal	2003	9	3.9000000000000004	247	6454280	22479229
2	Distal	2003	10	6.7	403	6040156	19805793
2	Distal	2003	11	11.8	618	5240686	17224359
2	Distal	2003	12	17.1	726	4283589	13307234
2	Distal	2003	13	24.700000000000003	791	3198860	10654272
2	Distal	2003	14	37.4	942	2524001	9409940
2	Distal	2003	15	45.0	993	2206943	8725574
2	Distal	2003	16	52.7	1009	1914009	7414559
2	Distal	2003	17	55.6	777	1397935	4900234
2	Distal	2003	18	46.6	532	1142624	4259173
2	Distal	2004	0	0.0	0	1172686	3794901
2	Distal	2004	1	0.0	0	4583485	15191619
2	Distal	2004	2	0.0	0	5643903	19919840
2	Distal	2004	3	0.0	0	6231354	20056779
2	Distal	2004	4	0.0	0	5936630	19819518
2	Distal	2004	5	0.2	16	5909181	18257225
2	Distal	2004	6	0.5	22	5573085	17722067
2	Distal	2004	7	0.8	49	5884695	19511370
2	Distal	2004	8	2.4	138	6049887	22179956
2	Distal	2004	9	4.0	259	6477140	22479229
2	Distal	2004	10	7.3	453	6131734	19805793
2	Distal	2004	11	12.700000000000001	676	5368022	17224359
2	Distal	2004	12	17.0	762	4494532	13307234
2	Distal	2004	13	23.3	774	3332349	10654272
2	Distal	2004	14	34.6	894	2583068	9409940
2	Distal	2004	15	43.2	947	2189003	8725574
2	Distal	2004	16	46.4	879	1898091	7414559
2	Distal	2004	17	51.6	739	1432237	4900234
2	Distal	2004	18	50.3	585	1164503	4259173
2	Distal	2005	0	0.0	0	1136051	3794901
2	Distal	2005	1	0.0	0	4486608	15191619
2	Distal	2005	2	0.0	0	5429324	19919840
2	Distal	2005	3	0.0	0	6007382	20056779
2	Distal	2005	4	0.1	5	5889330	19819518
2	Distal	2005	5	0.1	13	5736685	18257225
2	Distal	2005	6	0.6	35	5527856	17722067
2	Distal	2005	7	1.2	71	5591393	19511370
2	Distal	2005	8	2.2	126	5883370	22179956
2	Distal	2005	9	3.9	247	6249039	22479229
2	Distal	2005	10	6.8	417	6057136	19805793
2	Distal	2005	11	12.6	670	5343760	17224359
2	Distal	2005	12	17.1	785	4600833	13307234
2	Distal	2005	13	23.5	788	3350764	10654272
2	Distal	2005	14	35.3	906	2561897	9409940
2	Distal	2005	15	38.300000000000004	812	2124936	8725574
2	Distal	2005	16	49.1	904	1842131	7414559
2	Distal	2005	17	49.4	699	1415603	4900234
2	Distal	2005	18	45.199999999999996	533	1180301	4259173
2	Distal	2006	0	0.0	0	1160852	3794901
2	Distal	2006	1	0.0	0	4583974	15191619
2	Distal	2006	2	0.0	0	5572891	19919840
2	Distal	2006	3	0.0	1	6086664	20056779
2	Distal	2006	4	0.0	3	6154466	19819518
2	Distal	2006	5	0.2	12	5890891	18257225
2	Distal	2006	6	0.6000000000000001	33	5818474	17722067
2	Distal	2006	7	1.3	72	5580486	19511370
2	Distal	2006	8	2.2	129	6044427	22179956
2	Distal	2006	9	3.9000000000000004	249	6297825	22479229
2	Distal	2006	10	7.6	475	6285693	19805793
2	Distal	2006	11	12.3	695	5623573	17224359
2	Distal	2006	12	17.6	874	4946510	13307234
2	Distal	2006	13	21.2	755	3559967	10654272
2	Distal	2006	14	30.7	828	2703241	9409940
2	Distal	2006	15	36.7	804	2192274	8725574
2	Distal	2006	16	45.5	857	1885792	7414559
2	Distal	2006	17	48.3	702	1455580	4900234
2	Distal	2006	18	41.6	522	1255977	4259173
2	Distal	2007	0	0.0	0	1196660	3794901
2	Distal	2007	1	0.0	0	4594421	15191619
2	Distal	2007	2	0.0	0	5597032	19919840
2	Distal	2007	3	0.0	0	6014342	20056779
2	Distal	2007	4	0.0	3	6248052	19819518
2	Distal	2007	5	0.2	14	5901284	18257225
2	Distal	2007	6	0.7000000000000001	36	5922782	17722067
2	Distal	2007	7	1.1	66	5536657	19511370
2	Distal	2007	8	2.4	147	6031588	22179956
2	Distal	2007	9	4.6	288	6174095	22479229
2	Distal	2007	10	8.3	526	6312614	19805793
2	Distal	2007	11	13.3	765	5783821	17224359
2	Distal	2007	12	16.7	831	4958293	13307234
2	Distal	2007	13	21.5	837	3871309	10654272
2	Distal	2007	14	31.799999999999997	899	2810970	9409940
2	Distal	2007	15	37.2	824	2213562	8725574
2	Distal	2007	16	41.7	782	1875483	7414559
2	Distal	2007	17	47.4	691	1461775	4900234
2	Distal	2007	18	42.0	548	1305936	4259173
2	Distal	2008	0	0.0	0	1195094	3794901
2	Distal	2008	1	0.0	0	4637301	15191619
2	Distal	2008	2	0.0	0	5656971	19919840
2	Distal	2008	3	0.0	1	5958739	20056779
2	Distal	2008	4	0.1	5	6304058	19819518
2	Distal	2008	5	0.0	7	5936553	18257225
2	Distal	2008	6	0.4	28	6016049	17722067
2	Distal	2008	7	1.2	64	5570024	19511370
2	Distal	2008	8	2.4	142	5979214	22179956
2	Distal	2008	9	4.3	259	6066838	22479229
2	Distal	2008	10	7.6	487	6327512	19805793
2	Distal	2008	11	12.700000000000001	746	5925371	17224359
2	Distal	2008	12	16.5	836	5065472	13307234
2	Distal	2008	13	19.4	786	4055528	10654272
2	Distal	2008	14	29.400000000000002	878	2977431	9409940
2	Distal	2008	15	35.2	796	2262028	8725574
2	Distal	2008	16	41.3	769	1864482	7414559
2	Distal	2008	17	47.9	702	1467035	4900234
2	Distal	2008	18	40.9	553	1353083	4259173
2	Distal	2009	0	0.0	0	1146548	3794901
2	Distal	2009	1	0.0	0	4664913	15191619
2	Distal	2009	2	0.0	0	5739367	19919840
2	Distal	2009	3	0.0	1	5925524	20056779
2	Distal	2009	4	0.0	0	6310686	19819518
2	Distal	2009	5	0.30000000000000004	15	6010909	18257225
2	Distal	2009	6	0.4	25	6059001	17722067
2	Distal	2009	7	1.1	66	5662291	19511370
2	Distal	2009	8	2.3	135	5891266	22179956
2	Distal	2009	9	4.2	245	5973354	22479229
2	Distal	2009	10	7.3999999999999995	470	6352974	19805793
2	Distal	2009	11	12.7	765	6026377	17224359
2	Distal	2009	12	14.7	760	5202748	13307234
2	Distal	2009	13	20.3	869	4273752	10654272
2	Distal	2009	14	27.3	849	3114864	9409940
2	Distal	2009	15	32.7	761	2321944	8725574
2	Distal	2009	16	39.9	740	1858583	7414559
2	Distal	2009	17	42.9	628	1465380	4900234
2	Distal	2009	18	38.1	534	1402232	4259173
2	Distal	2010	0	0.0	0	1133096	3794901
2	Distal	2010	1	0.0	0	4657004	15191619
2	Distal	2010	2	0.0	0	5796285	19919840
2	Distal	2010	3	0.0	0	5915019	20056779
2	Distal	2010	4	0.0	4	6255772	19819518
2	Distal	2010	5	0.0	11	6113218	18257225
2	Distal	2010	6	0.4	31	6059938	17722067
2	Distal	2010	7	1.3	73	5782020	19511370
2	Distal	2010	8	2.3	135	5768546	22179956
2	Distal	2010	9	4.3	254	5971942	22479229
2	Distal	2010	10	7.8999999999999995	501	6304576	19805793
2	Distal	2010	11	13.2	812	6133641	17224359
2	Distal	2010	12	14.799999999999999	794	5351059	13307234
2	Distal	2010	13	19.7	883	4511342	10654272
2	Distal	2010	14	24.999999999999996	810	3239597	9409940
2	Distal	2010	15	32.0	761	2378879	8725574
2	Distal	2010	16	34.4	641	1864112	7414559
2	Distal	2010	17	39.8	587	1473432	4900234
2	Distal	2010	18	37.8	548	1451061	4259173
2	Distal	2011	0	0.0	0	1143721	3794901
2	Distal	2011	1	0.0	0	4637626	15191619
2	Distal	2011	2	0.0	0	5803527	19919840
2	Distal	2011	3	0.0	0	5906423	20056779
2	Distal	2011	4	0.0	2	6147140	19819518
2	Distal	2011	5	0.2	14	6278343	18257225
2	Distal	2011	6	0.5	31	6100594	17722067
2	Distal	2011	7	1.2	67	5904792	19511370
2	Distal	2011	8	2.4	138	5649994	22179956
2	Distal	2011	9	4.4	269	6014260	22479229
2	Distal	2011	10	8.4	521	6199093	19805793
2	Distal	2011	11	12.0	744	6197603	17224359
2	Distal	2011	12	14.4	794	5490930	13307234
2	Distal	2011	13	19.5	920	4725529	10654272
2	Distal	2011	14	24.4	819	3357206	9409940
2	Distal	2011	15	29.9	732	2453900	8725574
2	Distal	2011	16	34.3	644	1882410	7414559
2	Distal	2011	17	38.1	561	1478784	4900234
2	Distal	2011	18	33.699999999999996	502	1492601	4259173
2	Distal	2012	0	0.0	0	1125580	3794901
2	Distal	2012	1	0.0	0	4608080	15191619
2	Distal	2012	2	0.0	0	5847889	19919840
2	Distal	2012	3	0.0	0	5874869	20056779
2	Distal	2012	4	0.0	2	6060994	19819518
2	Distal	2012	5	0.1	14	6408605	18257225
2	Distal	2012	6	0.4	28	6127510	17722067
2	Distal	2012	7	1.4	81	6016053	19511370
2	Distal	2012	8	2.7	151	5630605	22179956
2	Distal	2012	9	4.3	264	6014087	22479229
2	Distal	2012	10	7.8	476	6094314	19805793
2	Distal	2012	11	13.9	857	6215561	17224359
2	Distal	2012	12	14.8	836	5643839	13307234
2	Distal	2012	13	19.3	914	4739343	10654272
2	Distal	2012	14	25.5	926	3650502	9409940
2	Distal	2012	15	29.5	753	2559558	8725574
2	Distal	2012	16	31.1	593	1908761	7414559
2	Distal	2012	17	37.1	549	1480034	4900234
2	Distal	2012	18	32.9	505	1537597	4259173
2	Distal	2013	0	0.0	0	1126675	3794901
2	Distal	2013	1	0.0	0	4565554	15191619
2	Distal	2013	2	0.0	0	5879676	19919840
2	Distal	2013	3	0.0	0	5861317	20056779
2	Distal	2013	4	0.0	3	5993951	19819518
2	Distal	2013	5	0.1	8	6473639	18257225
2	Distal	2013	6	0.5	33	6185941	17722067
2	Distal	2013	7	1.4	89	6117944	19511370
2	Distal	2013	8	2.7	150	5664590	22179956
2	Distal	2013	9	4.8	278	5966637	22479229
2	Distal	2013	10	7.8999999999999995	477	5991529	19805793
2	Distal	2013	11	13.1	812	6226744	17224359
2	Distal	2013	12	14.3	823	5764512	13307234
2	Distal	2013	13	18.4	891	4831089	10654272
2	Distal	2013	14	23.1	883	3824462	9409940
2	Distal	2013	15	26.1	708	2714071	8725574
2	Distal	2013	16	29.5	578	1957895	7414559
2	Distal	2013	17	32.8	484	1478534	4900234
2	Distal	2013	18	29.9	470	1572939	4259173
2	Distal	2014	0	0.0	0	1127848	3794901
2	Distal	2014	1	0.0	0	4563759	15191619
2	Distal	2014	2	0.0	0	5859917	19919840
2	Distal	2014	3	0.0	0	5860705	20056779
2	Distal	2014	4	0.0	2	5941025	19819518
2	Distal	2014	5	0.1	15	6496974	18257225
2	Distal	2014	6	0.4	27	6311163	17722067
2	Distal	2014	7	1.2	77	6191431	19511370
2	Distal	2014	8	3.0	172	5736799	22179956
2	Distal	2014	9	5.3	314	5881834	22479229
2	Distal	2014	10	8.7	511	5916489	19805793
2	Distal	2014	11	12.9	803	6235869	17224359
2	Distal	2014	12	16.4	959	5850304	13307234
2	Distal	2014	13	19.8	977	4955482	10654272
2	Distal	2014	14	21.9	880	4014338	9409940
2	Distal	2014	15	24.4	695	2838658	8725574
2	Distal	2014	16	29.7	597	2019235	7414559
2	Distal	2014	17	30.6	452	1478454	4900234
2	Distal	2014	18	28.700000000000003	461	1607353	4259173
2	Proximal	2000	0	0.0	0	1123953	3794901
2	Proximal	2000	1	0.0	0	4493645	15191619
2	Proximal	2000	2	0.0	0	6014762	19919840
2	Proximal	2000	3	0.0	0	5906367	20056779
2	Proximal	2000	4	0.0	2	5686059	19819518
2	Proximal	2000	5	0.0	5	5432644	18257225
2	Proximal	2000	6	0.4	17	5623783	17722067
2	Proximal	2000	7	0.7	39	6010662	19511370
2	Proximal	2000	8	1.0	66	6472872	22179956
2	Proximal	2000	9	1.9000000000000001	118	6317668	22479229
2	Proximal	2000	10	3.5	199	5600622	19805793
2	Proximal	2000	11	6.2	308	4887550	17224359
2	Proximal	2000	12	11.6	423	3642175	13307234
2	Proximal	2000	13	19.0	537	2835963	10654272
2	Proximal	2000	14	32.1	782	2438122	9409940
2	Proximal	2000	15	44.4	1001	2250088	8725574
2	Proximal	2000	16	59.9	1146	1912863	7414559
2	Proximal	2000	17	78.4	996	1271099	4900234
2	Proximal	2000	18	93.1	1001	1075916	4259173
2	Proximal	2001	0	0.0	0	1173129	3794901
2	Proximal	2001	1	0.0	0	4461077	15191619
2	Proximal	2001	2	0.0	0	5921466	19919840
2	Proximal	2001	3	0.0	4	6039438	20056779
2	Proximal	2001	4	0.0	3	5724743	19819518
2	Proximal	2001	5	0.2	12	5625901	18257225
2	Proximal	2001	6	0.30000000000000004	13	5510211	17722067
2	Proximal	2001	7	0.5	30	6053687	19511370
2	Proximal	2001	8	1.1	65	6381699	22179956
2	Proximal	2001	9	2.0	127	6406429	22479229
2	Proximal	2001	10	3.6999999999999997	209	5741721	19805793
2	Proximal	2001	11	6.3	325	5125958	17224359
2	Proximal	2001	12	11.1	419	3770621	13307234
2	Proximal	2001	13	18.3	536	2914101	10654272
2	Proximal	2001	14	31.099999999999998	764	2448484	9409940
2	Proximal	2001	15	44.3	990	2241129	8725574
2	Proximal	2001	16	63.0	1206	1915556	7414559
2	Proximal	2001	17	79.0	1042	1318613	4900234
2	Proximal	2001	18	94.5	1033	1093854	4259173
2	Proximal	2002	0	0.0	0	1155177	3794901
2	Proximal	2002	1	0.0	0	4501200	15191619
2	Proximal	2002	2	0.0	0	5817114	19919840
2	Proximal	2002	3	0.0	2	6150915	20056779
2	Proximal	2002	4	0.1	5	5770911	19819518
2	Proximal	2002	5	0.0	7	5762504	18257225
2	Proximal	2002	6	0.30000000000000004	20	5471944	17722067
2	Proximal	2002	7	0.5	34	6047363	19511370
2	Proximal	2002	8	1.1	73	6261179	22179956
2	Proximal	2002	9	1.9	123	6439153	22479229
2	Proximal	2002	10	3.2	187	5903564	19805793
2	Proximal	2002	11	6.3	325	5140748	17224359
2	Proximal	2002	12	10.2	416	4094161	13307234
2	Proximal	2002	13	18.3	555	3027382	10654272
2	Proximal	2002	14	30.3	749	2470774	9409940
2	Proximal	2002	15	43.5	970	2223927	8725574
2	Proximal	2002	16	59.0	1128	1914270	7414559
2	Proximal	2002	17	77.1	1052	1364730	4900234
2	Proximal	2002	18	79.4	884	1112959	4259173
2	Proximal	2003	0	0.0	0	1167353	3794901
2	Proximal	2003	1	0.0	0	4538931	15191619
2	Proximal	2003	2	0.0	0	5723028	19919840
2	Proximal	2003	3	0.0	1	6218900	20056779
2	Proximal	2003	4	0.0	1	5836843	19819518
2	Proximal	2003	5	0.0	6	5843252	18257225
2	Proximal	2003	6	0.4	22	5486864	17722067
2	Proximal	2003	7	0.7	36	5983870	19511370
2	Proximal	2003	8	1.0	67	6145730	22179956
2	Proximal	2003	9	1.9	125	6454280	22479229
2	Proximal	2003	10	3.6	220	6040156	19805793
2	Proximal	2003	11	6.6000000000000005	351	5240686	17224359
2	Proximal	2003	12	10.9	464	4283589	13307234
2	Proximal	2003	13	17.3	554	3198860	10654272
2	Proximal	2003	14	28.6	720	2524001	9409940
2	Proximal	2003	15	43.199999999999996	952	2206943	8725574
2	Proximal	2003	16	58.8	1125	1914009	7414559
2	Proximal	2003	17	73.8	1032	1397935	4900234
2	Proximal	2003	18	84.3	964	1142624	4259173
2	Proximal	2004	0	0.0	0	1172686	3794901
2	Proximal	2004	1	0.0	0	4583485	15191619
2	Proximal	2004	2	0.0	0	5643903	19919840
2	Proximal	2004	3	0.0	0	6231354	20056779
2	Proximal	2004	4	0.1	6	5936630	19819518
2	Proximal	2004	5	0.0	5	5909181	18257225
2	Proximal	2004	6	0.30000000000000004	16	5573085	17722067
2	Proximal	2004	7	0.7	39	5884695	19511370
2	Proximal	2004	8	1.2	69	6049887	22179956
2	Proximal	2004	9	2.2	146	6477140	22479229
2	Proximal	2004	10	3.4	209	6131734	19805793
2	Proximal	2004	11	6.5	346	5368022	17224359
2	Proximal	2004	12	10.3	459	4494532	13307234
2	Proximal	2004	13	15.700000000000001	521	3332349	10654272
2	Proximal	2004	14	29.2	754	2583068	9409940
2	Proximal	2004	15	41.1	900	2189003	8725574
2	Proximal	2004	16	51.8	982	1898091	7414559
2	Proximal	2004	17	72.4	1037	1432237	4900234
2	Proximal	2004	18	77.4	901	1164503	4259173
2	Proximal	2005	0	0.0	0	1136051	3794901
2	Proximal	2005	1	0.0	0	4486608	15191619
2	Proximal	2005	2	0.0	0	5429324	19919840
2	Proximal	2005	3	0.0	0	6007382	20056779
2	Proximal	2005	4	0.0	3	5889330	19819518
2	Proximal	2005	5	0.1	7	5736685	18257225
2	Proximal	2005	6	0.30000000000000004	13	5527856	17722067
2	Proximal	2005	7	0.5	30	5591393	19511370
2	Proximal	2005	8	1.1	71	5883370	22179956
2	Proximal	2005	9	1.9	118	6249039	22479229
2	Proximal	2005	10	3.7	222	6057136	19805793
2	Proximal	2005	11	5.3999999999999995	292	5343760	17224359
2	Proximal	2005	12	9.9	460	4600833	13307234
2	Proximal	2005	13	14.9	497	3350764	10654272
2	Proximal	2005	14	25.599999999999998	652	2561897	9409940
2	Proximal	2005	15	35.699999999999996	759	2124936	8725574
2	Proximal	2005	16	54.099999999999994	997	1842131	7414559
2	Proximal	2005	17	67.9	960	1415603	4900234
2	Proximal	2005	18	74.8	884	1180301	4259173
2	Proximal	2006	0	0.0	0	1160852	3794901
2	Proximal	2006	1	0.0	0	4583974	15191619
2	Proximal	2006	2	0.0	0	5572891	19919840
2	Proximal	2006	3	0.0	1	6086664	20056779
2	Proximal	2006	4	0.0	2	6154466	19819518
2	Proximal	2006	5	0.2	12	5890891	18257225
2	Proximal	2006	6	0.30000000000000004	14	5818474	17722067
2	Proximal	2006	7	0.8	46	5580486	19511370
2	Proximal	2006	8	0.8	54	6044427	22179956
2	Proximal	2006	9	1.9	124	6297825	22479229
2	Proximal	2006	10	3.0	192	6285693	19805793
2	Proximal	2006	11	5.5	314	5623573	17224359
2	Proximal	2006	12	9.1	446	4946510	13307234
2	Proximal	2006	13	16.2	576	3559967	10654272
2	Proximal	2006	14	26.2	707	2703241	9409940
2	Proximal	2006	15	37.7	828	2192274	8725574
2	Proximal	2006	16	49.699999999999996	935	1885792	7414559
2	Proximal	2006	17	69.0	1004	1455580	4900234
2	Proximal	2006	18	73.1	918	1255977	4259173
2	Proximal	2007	0	0.0	0	1196660	3794901
2	Proximal	2007	1	0.0	0	4594421	15191619
2	Proximal	2007	2	0.0	0	5597032	19919840
2	Proximal	2007	3	0.0	1	6014342	20056779
2	Proximal	2007	4	0.0	1	6248052	19819518
2	Proximal	2007	5	0.0	8	5901284	18257225
2	Proximal	2007	6	0.30000000000000004	17	5922782	17722067
2	Proximal	2007	7	0.5	26	5536657	19511370
2	Proximal	2007	8	1.0	61	6031588	22179956
2	Proximal	2007	9	1.9	112	6174095	22479229
2	Proximal	2007	10	3.4	209	6312614	19805793
2	Proximal	2007	11	5.8	335	5783821	17224359
2	Proximal	2007	12	9.8	487	4958293	13307234
2	Proximal	2007	13	15.7	609	3871309	10654272
2	Proximal	2007	14	25.1	706	2810970	9409940
2	Proximal	2007	15	35.8	792	2213562	8725574
2	Proximal	2007	16	49.699999999999996	932	1875483	7414559
2	Proximal	2007	17	60.2	881	1461775	4900234
2	Proximal	2007	18	70.5	921	1305936	4259173
2	Proximal	2008	0	0.1	1	1195094	3794901
2	Proximal	2008	1	0.0	0	4637301	15191619
2	Proximal	2008	2	0.0	0	5656971	19919840
2	Proximal	2008	3	0.0	0	5958739	20056779
2	Proximal	2008	4	0.0	3	6304058	19819518
2	Proximal	2008	5	0.1	8	5936553	18257225
2	Proximal	2008	6	0.30000000000000004	20	6016049	17722067
2	Proximal	2008	7	0.7000000000000001	42	5570024	19511370
2	Proximal	2008	8	1.3	73	5979214	22179956
2	Proximal	2008	9	1.7	103	6066838	22479229
2	Proximal	2008	10	3.0	189	6327512	19805793
2	Proximal	2008	11	6.3	377	5925371	17224359
2	Proximal	2008	12	9.0	459	5065472	13307234
2	Proximal	2008	13	13.799999999999999	561	4055528	10654272
2	Proximal	2008	14	22.9	681	2977431	9409940
2	Proximal	2008	15	35.3	797	2262028	8725574
2	Proximal	2008	16	48.5	906	1864482	7414559
2	Proximal	2008	17	61.6	903	1467035	4900234
2	Proximal	2008	18	71.5	967	1353083	4259173
2	Proximal	2009	0	0.0	0	1146548	3794901
2	Proximal	2009	1	0.0	0	4664913	15191619
2	Proximal	2009	2	0.0	0	5739367	19919840
2	Proximal	2009	3	0.0	0	5925524	20056779
2	Proximal	2009	4	0.0	2	6310686	19819518
2	Proximal	2009	5	0.0	5	6010909	18257225
2	Proximal	2009	6	0.0	11	6059001	17722067
2	Proximal	2009	7	0.7	38	5662291	19511370
2	Proximal	2009	8	0.9	57	5891266	22179956
2	Proximal	2009	9	2.2	128	5973354	22479229
2	Proximal	2009	10	3.2	201	6352974	19805793
2	Proximal	2009	11	6.7	407	6026377	17224359
2	Proximal	2009	12	8.5	442	5202748	13307234
2	Proximal	2009	13	14.0	594	4273752	10654272
2	Proximal	2009	14	21.099999999999998	659	3114864	9409940
2	Proximal	2009	15	33.1	768	2321944	8725574
2	Proximal	2009	16	47.199999999999996	878	1858583	7414559
2	Proximal	2009	17	58.900000000000006	862	1465380	4900234
2	Proximal	2009	18	66.3	931	1402232	4259173
2	Proximal	2010	0	0.0	0	1133096	3794901
2	Proximal	2010	1	0.0	0	4657004	15191619
2	Proximal	2010	2	0.0	0	5796285	19919840
2	Proximal	2010	3	0.0	2	5915019	20056779
2	Proximal	2010	4	0.1	5	6255772	19819518
2	Proximal	2010	5	0.1	9	6113218	18257225
2	Proximal	2010	6	0.2	18	6059938	17722067
2	Proximal	2010	7	0.9	44	5782020	19511370
2	Proximal	2010	8	1.0	56	5768546	22179956
2	Proximal	2010	9	1.8	107	5971942	22479229
2	Proximal	2010	10	3.6	231	6304576	19805793
2	Proximal	2010	11	5.4	331	6133641	17224359
2	Proximal	2010	12	8.4	450	5351059	13307234
2	Proximal	2010	13	13.2	595	4511342	10654272
2	Proximal	2010	14	20.3	656	3239597	9409940
2	Proximal	2010	15	30.9	734	2378879	8725574
2	Proximal	2010	16	43.3	809	1864112	7414559
2	Proximal	2010	17	56.800000000000004	836	1473432	4900234
2	Proximal	2010	18	61.9	899	1451061	4259173
2	Proximal	2011	0	0.0	0	1143721	3794901
2	Proximal	2011	1	0.0	0	4637626	15191619
2	Proximal	2011	2	0.0	0	5803527	19919840
2	Proximal	2011	3	0.0	1	5906423	20056779
2	Proximal	2011	4	0.0	4	6147140	19819518
2	Proximal	2011	5	0.1	9	6278343	18257225
2	Proximal	2011	6	0.2	16	6100594	17722067
2	Proximal	2011	7	0.5	31	5904792	19511370
2	Proximal	2011	8	1.2000000000000002	71	5649994	22179956
2	Proximal	2011	9	2.1	132	6014260	22479229
2	Proximal	2011	10	3.3	207	6199093	19805793
2	Proximal	2011	11	5.4	342	6197603	17224359
2	Proximal	2011	12	7.8	429	5490930	13307234
2	Proximal	2011	13	12.700000000000001	599	4725529	10654272
2	Proximal	2011	14	18.3	618	3357206	9409940
2	Proximal	2011	15	30.7	753	2453900	8725574
2	Proximal	2011	16	40.5	762	1882410	7414559
2	Proximal	2011	17	55.5	820	1478784	4900234
2	Proximal	2011	18	61.7	922	1492601	4259173
2	Proximal	2012	0	0.0	0	1125580	3794901
2	Proximal	2012	1	0.0	0	4608080	15191619
2	Proximal	2012	2	0.0	0	5847889	19919840
2	Proximal	2012	3	0.0	1	5874869	20056779
2	Proximal	2012	4	0.1	5	6060994	19819518
2	Proximal	2012	5	0.1	10	6408605	18257225
2	Proximal	2012	6	0.30000000000000004	22	6127510	17722067
2	Proximal	2012	7	0.5	30	6016053	19511370
2	Proximal	2012	8	0.9	53	5630605	22179956
2	Proximal	2012	9	1.7	110	6014087	22479229
2	Proximal	2012	10	3.6	226	6094314	19805793
2	Proximal	2012	11	5.6000000000000005	344	6215561	17224359
2	Proximal	2012	12	7.8	439	5643839	13307234
2	Proximal	2012	13	12.1	570	4739343	10654272
2	Proximal	2012	14	18.7	680	3650502	9409940
2	Proximal	2012	15	30.2	774	2559558	8725574
2	Proximal	2012	16	39.6	756	1908761	7414559
2	Proximal	2012	17	53.2	787	1480034	4900234
2	Proximal	2012	18	56.8	875	1537597	4259173
2	Proximal	2013	0	0.0	0	1126675	3794901
2	Proximal	2013	1	0.0	0	4565554	15191619
2	Proximal	2013	2	0.0	0	5879676	19919840
2	Proximal	2013	3	0.1	5	5861317	20056779
2	Proximal	2013	4	0.0	3	5993951	19819518
2	Proximal	2013	5	0.1	8	6473639	18257225
2	Proximal	2013	6	0.30000000000000004	21	6185941	17722067
2	Proximal	2013	7	0.5	35	6117944	19511370
2	Proximal	2013	8	0.9	56	5664590	22179956
2	Proximal	2013	9	2.1999999999999997	123	5966637	22479229
2	Proximal	2013	10	2.9	174	5991529	19805793
2	Proximal	2013	11	5.9	361	6226744	17224359
2	Proximal	2013	12	8.2	474	5764512	13307234
2	Proximal	2013	13	11.6	561	4831089	10654272
2	Proximal	2013	14	19.3	738	3824462	9409940
2	Proximal	2013	15	26.6	721	2714071	8725574
2	Proximal	2013	16	35.3	692	1957895	7414559
2	Proximal	2013	17	52.199999999999996	772	1478534	4900234
2	Proximal	2013	18	55.5	873	1572939	4259173
2	Proximal	2014	0	0.0	0	1127848	3794901
2	Proximal	2014	1	0.0	0	4563759	15191619
2	Proximal	2014	2	0.0	1	5859917	19919840
2	Proximal	2014	3	0.0	1	5860705	20056779
2	Proximal	2014	4	0.1	10	5941025	19819518
2	Proximal	2014	5	0.1	9	6496974	18257225
2	Proximal	2014	6	0.5	34	6311163	17722067
2	Proximal	2014	7	0.8	47	6191431	19511370
2	Proximal	2014	8	1.2	71	5736799	22179956
2	Proximal	2014	9	2.2	128	5881834	22479229
2	Proximal	2014	10	3.2	188	5916489	19805793
2	Proximal	2014	11	5.9	365	6235869	17224359
2	Proximal	2014	12	7.6	449	5850304	13307234
2	Proximal	2014	13	11.9	590	4955482	10654272
2	Proximal	2014	14	18.0	721	4014338	9409940
2	Proximal	2014	15	25.4	722	2838658	8725574
2	Proximal	2014	16	35.4	715	2019235	7414559
2	Proximal	2014	17	44.9	665	1478454	4900234
2	Proximal	2014	18	52.5	844	1607353	4259173
3	Distal	2000	0	0.0	0	1123953	3794901
3	Distal	2000	1	0.0	0	4493645	15191619
3	Distal	2000	2	0.0	0	6014762	19919840
3	Distal	2000	3	0.0	0	5906367	20056779
3	Distal	2000	4	0.0	3	5686059	19819518
3	Distal	2000	5	0.0	4	5432644	18257225
3	Distal	2000	6	0.1	9	5623783	17722067
3	Distal	2000	7	0.4	30	6010662	19511370
3	Distal	2000	8	1.1	71	6472872	22179956
3	Distal	2000	9	2.0	129	6317668	22479229
3	Distal	2000	10	3.4	196	5600622	19805793
3	Distal	2000	11	5.6	271	4887550	17224359
3	Distal	2000	12	9.7	356	3642175	13307234
3	Distal	2000	13	14.1	397	2835963	10654272
3	Distal	2000	14	18.6	452	2438122	9409940
3	Distal	2000	15	21.7	488	2250088	8725574
3	Distal	2000	16	25.5	488	1912863	7414559
3	Distal	2000	17	26.900000000000002	343	1271099	4900234
3	Distal	2000	18	26.099999999999998	280	1075916	4259173
3	Distal	2001	0	0.0	0	1173129	3794901
3	Distal	2001	1	0.0	0	4461077	15191619
3	Distal	2001	2	0.0	0	5921466	19919840
3	Distal	2001	3	0.0	1	6039438	20056779
3	Distal	2001	4	0.0	2	5724743	19819518
3	Distal	2001	5	0.0	5	5625901	18257225
3	Distal	2001	6	0.2	15	5510211	17722067
3	Distal	2001	7	0.5	32	6053687	19511370
3	Distal	2001	8	0.8	56	6381699	22179956
3	Distal	2001	9	2.2	133	6406429	22479229
3	Distal	2001	10	3.9	222	5741721	19805793
3	Distal	2001	11	6.1	306	5125958	17224359
3	Distal	2001	12	9.5	365	3770621	13307234
3	Distal	2001	13	13.6	400	2914101	10654272
3	Distal	2001	14	18.5	452	2448484	9409940
3	Distal	2001	15	22.3	501	2241129	8725574
3	Distal	2001	16	27.1	520	1915556	7414559
3	Distal	2001	17	25.6	337	1318613	4900234
3	Distal	2001	18	27.0	296	1093854	4259173
3	Distal	2002	0	0.0	0	1155177	3794901
3	Distal	2002	1	0.0	0	4501200	15191619
3	Distal	2002	2	0.0	0	5817114	19919840
3	Distal	2002	3	0.0	1	6150915	20056779
3	Distal	2002	4	0.0	0	5770911	19819518
3	Distal	2002	5	0.1	5	5762504	18257225
3	Distal	2002	6	0.2	10	5471944	17722067
3	Distal	2002	7	0.4	30	6047363	19511370
3	Distal	2002	8	1.4000000000000001	81	6261179	22179956
3	Distal	2002	9	2.1	139	6439153	22479229
3	Distal	2002	10	4.3	255	5903564	19805793
3	Distal	2002	11	6.8	350	5140748	17224359
3	Distal	2002	12	10.299999999999999	420	4094161	13307234
3	Distal	2002	13	13.6	413	3027382	10654272
3	Distal	2002	14	18.599999999999998	460	2470774	9409940
3	Distal	2002	15	22.3	497	2223927	8725574
3	Distal	2002	16	27.0	517	1914270	7414559
3	Distal	2002	17	28.9	395	1364730	4900234
3	Distal	2002	18	24.3	270	1112959	4259173
3	Distal	2003	0	0.0	0	1167353	3794901
3	Distal	2003	1	0.0	0	4538931	15191619
3	Distal	2003	2	0.0	0	5723028	19919840
3	Distal	2003	3	0.0	0	6218900	20056779
3	Distal	2003	4	0.1	4	5836843	19819518
3	Distal	2003	5	0.2	11	5843252	18257225
3	Distal	2003	6	0.2	10	5486864	17722067
3	Distal	2003	7	0.7	42	5983870	19511370
3	Distal	2003	8	1.2	74	6145730	22179956
3	Distal	2003	9	2.3000000000000003	144	6454280	22479229
3	Distal	2003	10	4.3	260	6040156	19805793
3	Distal	2003	11	6.5	338	5240686	17224359
3	Distal	2003	12	9.0	388	4283589	13307234
3	Distal	2003	13	13.4	430	3198860	10654272
3	Distal	2003	14	19.0	481	2524001	9409940
3	Distal	2003	15	22.2	489	2206943	8725574
3	Distal	2003	16	24.9	476	1914009	7414559
3	Distal	2003	17	26.4	369	1397935	4900234
3	Distal	2003	18	25.0	286	1142624	4259173
3	Distal	2004	0	0.0	0	1172686	3794901
3	Distal	2004	1	0.0	0	4583485	15191619
3	Distal	2004	2	0.0	0	5643903	19919840
3	Distal	2004	3	0.0	1	6231354	20056779
3	Distal	2004	4	0.0	1	5936630	19819518
3	Distal	2004	5	0.1	8	5909181	18257225
3	Distal	2004	6	0.30000000000000004	19	5573085	17722067
3	Distal	2004	7	0.6	34	5884695	19511370
3	Distal	2004	8	1.4	85	6049887	22179956
3	Distal	2004	9	2.1	136	6477140	22479229
3	Distal	2004	10	4.5	276	6131734	19805793
3	Distal	2004	11	6.6	356	5368022	17224359
3	Distal	2004	12	9.4	425	4494532	13307234
3	Distal	2004	13	14.0	465	3332349	10654272
3	Distal	2004	14	17.400000000000002	445	2583068	9409940
3	Distal	2004	15	20.400000000000002	446	2189003	8725574
3	Distal	2004	16	23.400000000000002	443	1898091	7414559
3	Distal	2004	17	24.8	355	1432237	4900234
3	Distal	2004	18	22.8	267	1164503	4259173
3	Distal	2005	0	0.0	0	1136051	3794901
3	Distal	2005	1	0.0	0	4486608	15191619
3	Distal	2005	2	0.0	0	5429324	19919840
3	Distal	2005	3	0.0	0	6007382	20056779
3	Distal	2005	4	0.1	3	5889330	19819518
3	Distal	2005	5	0.0	6	5736685	18257225
3	Distal	2005	6	0.4	24	5527856	17722067
3	Distal	2005	7	0.7000000000000001	43	5591393	19511370
3	Distal	2005	8	1.3	77	5883370	22179956
3	Distal	2005	9	2.1	134	6249039	22479229
3	Distal	2005	10	4.9	299	6057136	19805793
3	Distal	2005	11	6.3	337	5343760	17224359
3	Distal	2005	12	9.0	417	4600833	13307234
3	Distal	2005	13	13.6	455	3350764	10654272
3	Distal	2005	14	18.1	466	2561897	9409940
3	Distal	2005	15	20.0	424	2124936	8725574
3	Distal	2005	16	23.6	435	1842131	7414559
3	Distal	2005	17	24.7	351	1415603	4900234
3	Distal	2005	18	22.7	268	1180301	4259173
3	Distal	2006	0	0.0	0	1160852	3794901
3	Distal	2006	1	0.0	0	4583974	15191619
3	Distal	2006	2	0.0	0	5572891	19919840
3	Distal	2006	3	0.0	0	6086664	20056779
3	Distal	2006	4	0.0	0	6154466	19819518
3	Distal	2006	5	0.2	11	5890891	18257225
3	Distal	2006	6	0.4	21	5818474	17722067
3	Distal	2006	7	0.7	41	5580486	19511370
3	Distal	2006	8	1.4	84	6044427	22179956
3	Distal	2006	9	2.8000000000000003	177	6297825	22479229
3	Distal	2006	10	4.2	262	6285693	19805793
3	Distal	2006	11	6.8	388	5623573	17224359
3	Distal	2006	12	9.5	475	4946510	13307234
3	Distal	2006	13	12.3	441	3559967	10654272
3	Distal	2006	14	17.0	457	2703241	9409940
3	Distal	2006	15	19.8	435	2192274	8725574
3	Distal	2006	16	20.9	394	1885792	7414559
3	Distal	2006	17	22.8	331	1455580	4900234
3	Distal	2006	18	22.5	283	1255977	4259173
3	Distal	2007	0	0.0	0	1196660	3794901
3	Distal	2007	1	0.0	0	4594421	15191619
3	Distal	2007	2	0.0	0	5597032	19919840
3	Distal	2007	3	0.0	0	6014342	20056779
3	Distal	2007	4	0.0	5	6248052	19819518
3	Distal	2007	5	0.2	11	5901284	18257225
3	Distal	2007	6	0.2	20	5922782	17722067
3	Distal	2007	7	0.6000000000000001	33	5536657	19511370
3	Distal	2007	8	1.4	79	6031588	22179956
3	Distal	2007	9	2.5	161	6174095	22479229
3	Distal	2007	10	4.5	285	6312614	19805793
3	Distal	2007	11	7.4	423	5783821	17224359
3	Distal	2007	12	9.4	464	4958293	13307234
3	Distal	2007	13	12.0	467	3871309	10654272
3	Distal	2007	14	15.2	427	2810970	9409940
3	Distal	2007	15	19.6	432	2213562	8725574
3	Distal	2007	16	20.8	391	1875483	7414559
3	Distal	2007	17	23.0	336	1461775	4900234
3	Distal	2007	18	22.2	288	1305936	4259173
3	Distal	2008	0	0.0	0	1195094	3794901
3	Distal	2008	1	0.0	0	4637301	15191619
3	Distal	2008	2	0.0	0	5656971	19919840
3	Distal	2008	3	0.0	0	5958739	20056779
3	Distal	2008	4	0.0	3	6304058	19819518
3	Distal	2008	5	0.2	10	5936553	18257225
3	Distal	2008	6	0.4	27	6016049	17722067
3	Distal	2008	7	0.8	39	5570024	19511370
3	Distal	2008	8	1.5	88	5979214	22179956
3	Distal	2008	9	3.0	181	6066838	22479229
3	Distal	2008	10	4.7	294	6327512	19805793
3	Distal	2008	11	6.6	391	5925371	17224359
3	Distal	2008	12	9.3	468	5065472	13307234
3	Distal	2008	13	11.9	487	4055528	10654272
3	Distal	2008	14	14.5	430	2977431	9409940
3	Distal	2008	15	18.5	417	2262028	8725574
3	Distal	2008	16	20.4	379	1864482	7414559
3	Distal	2008	17	22.3	327	1467035	4900234
3	Distal	2008	18	22.0	298	1353083	4259173
3	Distal	2009	0	0.0	0	1146548	3794901
3	Distal	2009	1	0.0	0	4664913	15191619
3	Distal	2009	2	0.0	0	5739367	19919840
3	Distal	2009	3	0.0	0	5925524	20056779
3	Distal	2009	4	0.0	2	6310686	19819518
3	Distal	2009	5	0.1	13	6010909	18257225
3	Distal	2009	6	0.2	19	6059001	17722067
3	Distal	2009	7	0.6	36	5662291	19511370
3	Distal	2009	8	1.4	82	5891266	22179956
3	Distal	2009	9	2.9	172	5973354	22479229
3	Distal	2009	10	5.1	322	6352974	19805793
3	Distal	2009	11	6.5	394	6026377	17224359
3	Distal	2009	12	8.9	466	5202748	13307234
3	Distal	2009	13	12.2	521	4273752	10654272
3	Distal	2009	14	14.5	456	3114864	9409940
3	Distal	2009	15	18.5	428	2321944	8725574
3	Distal	2009	16	20.5	381	1858583	7414559
3	Distal	2009	17	22.2	325	1465380	4900234
3	Distal	2009	18	20.1	282	1402232	4259173
3	Distal	2010	0	0.0	0	1133096	3794901
3	Distal	2010	1	0.0	0	4657004	15191619
3	Distal	2010	2	0.0	0	5796285	19919840
3	Distal	2010	3	0.0	0	5915019	20056779
3	Distal	2010	4	0.0	2	6255772	19819518
3	Distal	2010	5	0.1	7	6113218	18257225
3	Distal	2010	6	0.5	29	6059938	17722067
3	Distal	2010	7	0.6	41	5782020	19511370
3	Distal	2010	8	1.4	81	5768546	22179956
3	Distal	2010	9	2.8	167	5971942	22479229
3	Distal	2010	10	5.3	342	6304576	19805793
3	Distal	2010	11	7.300000000000001	447	6133641	17224359
3	Distal	2010	12	8.6	458	5351059	13307234
3	Distal	2010	13	12.0	539	4511342	10654272
3	Distal	2010	14	14.4	468	3239597	9409940
3	Distal	2010	15	16.1	381	2378879	8725574
3	Distal	2010	16	18.4	343	1864112	7414559
3	Distal	2010	17	20.2	297	1473432	4900234
3	Distal	2010	18	21.2	307	1451061	4259173
3	Distal	2011	0	0.0	0	1143721	3794901
3	Distal	2011	1	0.0	0	4637626	15191619
3	Distal	2011	2	0.0	0	5803527	19919840
3	Distal	2011	3	0.0	0	5906423	20056779
3	Distal	2011	4	0.0	2	6147140	19819518
3	Distal	2011	5	0.1	10	6278343	18257225
3	Distal	2011	6	0.4	31	6100594	17722067
3	Distal	2011	7	0.9	50	5904792	19511370
3	Distal	2011	8	1.9	101	5649994	22179956
3	Distal	2011	9	3.0	182	6014260	22479229
3	Distal	2011	10	5.1	315	6199093	19805793
3	Distal	2011	11	7.3	456	6197603	17224359
3	Distal	2011	12	9.2	500	5490930	13307234
3	Distal	2011	13	12.4	591	4725529	10654272
3	Distal	2011	14	13.4	449	3357206	9409940
3	Distal	2011	15	15.0	368	2453900	8725574
3	Distal	2011	16	17.7	335	1882410	7414559
3	Distal	2011	17	19.9	296	1478784	4900234
3	Distal	2011	18	19.0	284	1492601	4259173
3	Distal	2012	0	0.0	0	1125580	3794901
3	Distal	2012	1	0.0	0	4608080	15191619
3	Distal	2012	2	0.0	0	5847889	19919840
3	Distal	2012	3	0.0	0	5874869	20056779
3	Distal	2012	4	0.0	1	6060994	19819518
3	Distal	2012	5	0.1	8	6408605	18257225
3	Distal	2012	6	0.4	30	6127510	17722067
3	Distal	2012	7	0.7000000000000001	42	6016053	19511370
3	Distal	2012	8	1.7	100	5630605	22179956
3	Distal	2012	9	2.6	162	6014087	22479229
3	Distal	2012	10	5.3999999999999995	325	6094314	19805793
3	Distal	2012	11	7.2	448	6215561	17224359
3	Distal	2012	12	8.5	480	5643839	13307234
3	Distal	2012	13	11.3	536	4739343	10654272
3	Distal	2012	14	14.1	517	3650502	9409940
3	Distal	2012	15	14.8	377	2559558	8725574
3	Distal	2012	16	18.3	351	1908761	7414559
3	Distal	2012	17	19.7	290	1480034	4900234
3	Distal	2012	18	18.0	276	1537597	4259173
3	Distal	2013	0	0.0	0	1126675	3794901
3	Distal	2013	1	0.0	0	4565554	15191619
3	Distal	2013	2	0.0	0	5879676	19919840
3	Distal	2013	3	0.0	2	5861317	20056779
3	Distal	2013	4	0.0	2	5993951	19819518
3	Distal	2013	5	0.0	7	6473639	18257225
3	Distal	2013	6	0.4	26	6185941	17722067
3	Distal	2013	7	1.0	61	6117944	19511370
3	Distal	2013	8	1.9	106	5664590	22179956
3	Distal	2013	9	3.1	181	5966637	22479229
3	Distal	2013	10	5.5	324	5991529	19805793
3	Distal	2013	11	8.0	499	6226744	17224359
3	Distal	2013	12	9.7	562	5764512	13307234
3	Distal	2013	13	11.1	542	4831089	10654272
3	Distal	2013	14	12.8	492	3824462	9409940
3	Distal	2013	15	14.9	404	2714071	8725574
3	Distal	2013	16	17.0	333	1957895	7414559
3	Distal	2013	17	17.4	257	1478534	4900234
3	Distal	2013	18	16.7	263	1572939	4259173
3	Distal	2014	0	0.0	0	1127848	3794901
3	Distal	2014	1	0.0	0	4563759	15191619
3	Distal	2014	2	0.0	0	5859917	19919840
3	Distal	2014	3	0.0	0	5860705	20056779
3	Distal	2014	4	0.0	0	5941025	19819518
3	Distal	2014	5	0.2	12	6496974	18257225
3	Distal	2014	6	0.4	29	6311163	17722067
3	Distal	2014	7	1.2	72	6191431	19511370
3	Distal	2014	8	1.8	99	5736799	22179956
3	Distal	2014	9	3.1	180	5881834	22479229
3	Distal	2014	10	5.2	311	5916489	19805793
3	Distal	2014	11	7.3	454	6235869	17224359
3	Distal	2014	12	9.4	553	5850304	13307234
3	Distal	2014	13	12.6	628	4955482	10654272
3	Distal	2014	14	13.6	548	4014338	9409940
3	Distal	2014	15	15.5	441	2838658	8725574
3	Distal	2014	16	17.0	346	2019235	7414559
3	Distal	2014	17	18.6	275	1478454	4900234
3	Distal	2014	18	16.9	273	1607353	4259173
3	Proximal	2000	0	0.0	0	1123953	3794901
3	Proximal	2000	1	0.0	0	4493645	15191619
3	Proximal	2000	2	0.0	0	6014762	19919840
3	Proximal	2000	3	0.0	0	5906367	20056779
3	Proximal	2000	4	0.0	0	5686059	19819518
3	Proximal	2000	5	0.0	1	5432644	18257225
3	Proximal	2000	6	0.1	8	5623783	17722067
3	Proximal	2000	7	0.1	13	6010662	19511370
3	Proximal	2000	8	0.6000000000000001	33	6472872	22179956
3	Proximal	2000	9	1.4	82	6317668	22479229
3	Proximal	2000	10	1.9000000000000001	104	5600622	19805793
3	Proximal	2000	11	3.9	188	4887550	17224359
3	Proximal	2000	12	6.3	227	3642175	13307234
3	Proximal	2000	13	10.0	282	2835963	10654272
3	Proximal	2000	14	12.8	310	2438122	9409940
3	Proximal	2000	15	19.599999999999998	442	2250088	8725574
3	Proximal	2000	16	21.5	412	1912863	7414559
3	Proximal	2000	17	28.9	367	1271099	4900234
3	Proximal	2000	18	30.1	323	1075916	4259173
3	Proximal	2001	0	0.0	0	1173129	3794901
3	Proximal	2001	1	0.0	0	4461077	15191619
3	Proximal	2001	2	0.0	0	5921466	19919840
3	Proximal	2001	3	0.0	2	6039438	20056779
3	Proximal	2001	4	0.0	2	5724743	19819518
3	Proximal	2001	5	0.0	2	5625901	18257225
3	Proximal	2001	6	0.0	5	5510211	17722067
3	Proximal	2001	7	0.1	10	6053687	19511370
3	Proximal	2001	8	0.8	50	6381699	22179956
3	Proximal	2001	9	1.0	70	6406429	22479229
3	Proximal	2001	10	2.0	122	5741721	19805793
3	Proximal	2001	11	4.0	205	5125958	17224359
3	Proximal	2001	12	5.5	203	3770621	13307234
3	Proximal	2001	13	10.4	303	2914101	10654272
3	Proximal	2001	14	13.4	327	2448484	9409940
3	Proximal	2001	15	17.7	396	2241129	8725574
3	Proximal	2001	16	21.5	411	1915556	7414559
3	Proximal	2001	17	30.1	397	1318613	4900234
3	Proximal	2001	18	30.1	329	1093854	4259173
3	Proximal	2002	0	0.0	0	1155177	3794901
3	Proximal	2002	1	0.0	0	4501200	15191619
3	Proximal	2002	2	0.0	0	5817114	19919840
3	Proximal	2002	3	0.0	0	6150915	20056779
3	Proximal	2002	4	0.0	3	5770911	19819518
3	Proximal	2002	5	0.1	5	5762504	18257225
3	Proximal	2002	6	0.2	10	5471944	17722067
3	Proximal	2002	7	0.2	18	6047363	19511370
3	Proximal	2002	8	0.5	34	6261179	22179956
3	Proximal	2002	9	1.0	65	6439153	22479229
3	Proximal	2002	10	2.2	130	5903564	19805793
3	Proximal	2002	11	4.0	206	5140748	17224359
3	Proximal	2002	12	6.0	245	4094161	13307234
3	Proximal	2002	13	9.3	284	3027382	10654272
3	Proximal	2002	14	12.1	304	2470774	9409940
3	Proximal	2002	15	16.2	361	2223927	8725574
3	Proximal	2002	16	22.8	436	1914270	7414559
3	Proximal	2002	17	29.1	396	1364730	4900234
3	Proximal	2002	18	30.3	338	1112959	4259173
3	Proximal	2003	0	0.0	0	1167353	3794901
3	Proximal	2003	1	0.0	0	4538931	15191619
3	Proximal	2003	2	0.0	0	5723028	19919840
3	Proximal	2003	3	0.0	0	6218900	20056779
3	Proximal	2003	4	0.0	2	5836843	19819518
3	Proximal	2003	5	0.0	3	5843252	18257225
3	Proximal	2003	6	0.1	9	5486864	17722067
3	Proximal	2003	7	0.30000000000000004	23	5983870	19511370
3	Proximal	2003	8	0.4	24	6145730	22179956
3	Proximal	2003	9	1.3	79	6454280	22479229
3	Proximal	2003	10	2.3	134	6040156	19805793
3	Proximal	2003	11	4.0	210	5240686	17224359
3	Proximal	2003	12	6.1	261	4283589	13307234
3	Proximal	2003	13	8.3	266	3198860	10654272
3	Proximal	2003	14	14.3	361	2524001	9409940
3	Proximal	2003	15	15.5	342	2206943	8725574
3	Proximal	2003	16	22.7	437	1914009	7414559
3	Proximal	2003	17	25.8	361	1397935	4900234
3	Proximal	2003	18	26.7	304	1142624	4259173
3	Proximal	2004	0	0.0	0	1172686	3794901
3	Proximal	2004	1	0.0	0	4583485	15191619
3	Proximal	2004	2	0.0	0	5643903	19919840
3	Proximal	2004	3	0.0	0	6231354	20056779
3	Proximal	2004	4	0.0	2	5936630	19819518
3	Proximal	2004	5	0.0	6	5909181	18257225
3	Proximal	2004	6	0.0	5	5573085	17722067
3	Proximal	2004	7	0.5	18	5884695	19511370
3	Proximal	2004	8	0.6000000000000001	35	6049887	22179956
3	Proximal	2004	9	0.9	63	6477140	22479229
3	Proximal	2004	10	2.4	142	6131734	19805793
3	Proximal	2004	11	3.7	199	5368022	17224359
3	Proximal	2004	12	6.3	279	4494532	13307234
3	Proximal	2004	13	9.4	315	3332349	10654272
3	Proximal	2004	14	12.5	320	2583068	9409940
3	Proximal	2004	15	17.9	391	2189003	8725574
3	Proximal	2004	16	21.1	401	1898091	7414559
3	Proximal	2004	17	27.2	390	1432237	4900234
3	Proximal	2004	18	29.1	340	1164503	4259173
3	Proximal	2005	0	0.0	0	1136051	3794901
3	Proximal	2005	1	0.0	0	4486608	15191619
3	Proximal	2005	2	0.0	0	5429324	19919840
3	Proximal	2005	3	0.0	2	6007382	20056779
3	Proximal	2005	4	0.0	3	5889330	19819518
3	Proximal	2005	5	0.0	2	5736685	18257225
3	Proximal	2005	6	0.1	10	5527856	17722067
3	Proximal	2005	7	0.30000000000000004	22	5591393	19511370
3	Proximal	2005	8	0.5	34	5883370	22179956
3	Proximal	2005	9	1.4	87	6249039	22479229
3	Proximal	2005	10	2.2	134	6057136	19805793
3	Proximal	2005	11	4.5	236	5343760	17224359
3	Proximal	2005	12	6.0	278	4600833	13307234
3	Proximal	2005	13	10.200000000000001	346	3350764	10654272
3	Proximal	2005	14	12.3	316	2561897	9409940
3	Proximal	2005	15	16.4	349	2124936	8725574
3	Proximal	2005	16	19.9	366	1842131	7414559
3	Proximal	2005	17	23.8	335	1415603	4900234
3	Proximal	2005	18	25.4	300	1180301	4259173
3	Proximal	2006	0	0.0	0	1160852	3794901
3	Proximal	2006	1	0.0	0	4583974	15191619
3	Proximal	2006	2	0.0	0	5572891	19919840
3	Proximal	2006	3	0.0	1	6086664	20056779
3	Proximal	2006	4	0.0	2	6154466	19819518
3	Proximal	2006	5	0.0	3	5890891	18257225
3	Proximal	2006	6	0.2	10	5818474	17722067
3	Proximal	2006	7	0.4	19	5580486	19511370
3	Proximal	2006	8	0.8	45	6044427	22179956
3	Proximal	2006	9	1.2	78	6297825	22479229
3	Proximal	2006	10	2.0	126	6285693	19805793
3	Proximal	2006	11	4.1	230	5623573	17224359
3	Proximal	2006	12	5.6	276	4946510	13307234
3	Proximal	2006	13	8.799999999999999	311	3559967	10654272
3	Proximal	2006	14	12.700000000000001	345	2703241	9409940
3	Proximal	2006	15	17.0	372	2192274	8725574
3	Proximal	2006	16	20.3	385	1885792	7414559
3	Proximal	2006	17	23.7	345	1455580	4900234
3	Proximal	2006	18	29.1	366	1255977	4259173
3	Proximal	2007	0	0.0	0	1196660	3794901
3	Proximal	2007	1	0.0	0	4594421	15191619
3	Proximal	2007	2	0.0	0	5597032	19919840
3	Proximal	2007	3	0.0	0	6014342	20056779
3	Proximal	2007	4	0.0	1	6248052	19819518
3	Proximal	2007	5	0.0	2	5901284	18257225
3	Proximal	2007	6	0.0	3	5922782	17722067
3	Proximal	2007	7	0.2	17	5536657	19511370
3	Proximal	2007	8	0.4	33	6031588	22179956
3	Proximal	2007	9	1.5	87	6174095	22479229
3	Proximal	2007	10	2.4	150	6312614	19805793
3	Proximal	2007	11	3.7	214	5783821	17224359
3	Proximal	2007	12	5.5	278	4958293	13307234
3	Proximal	2007	13	8.2	315	3871309	10654272
3	Proximal	2007	14	11.799999999999999	331	2810970	9409940
3	Proximal	2007	15	16.3	361	2213562	8725574
3	Proximal	2007	16	19.6	368	1875483	7414559
3	Proximal	2007	17	22.6	331	1461775	4900234
3	Proximal	2007	18	26.4	345	1305936	4259173
3	Proximal	2008	0	0.0	0	1195094	3794901
3	Proximal	2008	1	0.0	0	4637301	15191619
3	Proximal	2008	2	0.0	0	5656971	19919840
3	Proximal	2008	3	0.0	0	5958739	20056779
3	Proximal	2008	4	0.0	5	6304058	19819518
3	Proximal	2008	5	0.0	1	5936553	18257225
3	Proximal	2008	6	0.0	5	6016049	17722067
3	Proximal	2008	7	0.30000000000000004	19	5570024	19511370
3	Proximal	2008	8	0.6000000000000001	38	5979214	22179956
3	Proximal	2008	9	1.3	82	6066838	22479229
3	Proximal	2008	10	2.4	151	6327512	19805793
3	Proximal	2008	11	3.7	217	5925371	17224359
3	Proximal	2008	12	6.3	323	5065472	13307234
3	Proximal	2008	13	8.5	343	4055528	10654272
3	Proximal	2008	14	11.4	342	2977431	9409940
3	Proximal	2008	15	16.1	364	2262028	8725574
3	Proximal	2008	16	19.8	367	1864482	7414559
3	Proximal	2008	17	25.3	371	1467035	4900234
3	Proximal	2008	18	27.3	368	1353083	4259173
3	Proximal	2009	0	0.0	0	1146548	3794901
3	Proximal	2009	1	0.0	0	4664913	15191619
3	Proximal	2009	2	0.0	0	5739367	19919840
3	Proximal	2009	3	0.0	0	5925524	20056779
3	Proximal	2009	4	0.0	2	6310686	19819518
3	Proximal	2009	5	0.0	3	6010909	18257225
3	Proximal	2009	6	0.1	7	6059001	17722067
3	Proximal	2009	7	0.4	22	5662291	19511370
3	Proximal	2009	8	0.7000000000000001	42	5891266	22179956
3	Proximal	2009	9	1.4	80	5973354	22479229
3	Proximal	2009	10	2.5	168	6352974	19805793
3	Proximal	2009	11	4.0	240	6026377	17224359
3	Proximal	2009	12	6.0	312	5202748	13307234
3	Proximal	2009	13	8.1	342	4273752	10654272
3	Proximal	2009	14	10.700000000000001	334	3114864	9409940
3	Proximal	2009	15	15.200000000000001	350	2321944	8725574
3	Proximal	2009	16	20.0	371	1858583	7414559
3	Proximal	2009	17	21.9	321	1465380	4900234
3	Proximal	2009	18	26.7	375	1402232	4259173
3	Proximal	2010	0	0.0	0	1133096	3794901
3	Proximal	2010	1	0.0	0	4657004	15191619
3	Proximal	2010	2	0.0	0	5796285	19919840
3	Proximal	2010	3	0.0	0	5915019	20056779
3	Proximal	2010	4	0.0	1	6255772	19819518
3	Proximal	2010	5	0.0	2	6113218	18257225
3	Proximal	2010	6	0.0	5	6059938	17722067
3	Proximal	2010	7	0.30000000000000004	20	5782020	19511370
3	Proximal	2010	8	0.6000000000000001	32	5768546	22179956
3	Proximal	2010	9	1.3	75	5971942	22479229
3	Proximal	2010	10	2.8000000000000003	176	6304576	19805793
3	Proximal	2010	11	3.8	235	6133641	17224359
3	Proximal	2010	12	5.7	308	5351059	13307234
3	Proximal	2010	13	8.2	374	4511342	10654272
3	Proximal	2010	14	11.100000000000001	359	3239597	9409940
3	Proximal	2010	15	15.4	367	2378879	8725574
3	Proximal	2010	16	17.0	319	1864112	7414559
3	Proximal	2010	17	22.0	324	1473432	4900234
3	Proximal	2010	18	26.0	378	1451061	4259173
3	Proximal	2011	0	0.0	0	1143721	3794901
3	Proximal	2011	1	0.0	0	4637626	15191619
3	Proximal	2011	2	0.0	0	5803527	19919840
3	Proximal	2011	3	0.0	0	5906423	20056779
3	Proximal	2011	4	0.0	0	6147140	19819518
3	Proximal	2011	5	0.1	7	6278343	18257225
3	Proximal	2011	6	0.2	15	6100594	17722067
3	Proximal	2011	7	0.5	24	5904792	19511370
3	Proximal	2011	8	0.7000000000000001	40	5649994	22179956
3	Proximal	2011	9	0.9	62	6014260	22479229
3	Proximal	2011	10	2.4	157	6199093	19805793
3	Proximal	2011	11	3.7	232	6197603	17224359
3	Proximal	2011	12	5.4	291	5490930	13307234
3	Proximal	2011	13	8.2	384	4725529	10654272
3	Proximal	2011	14	10.3	347	3357206	9409940
3	Proximal	2011	15	14.0	342	2453900	8725574
3	Proximal	2011	16	17.6	332	1882410	7414559
3	Proximal	2011	17	22.5	334	1478784	4900234
3	Proximal	2011	18	25.900000000000002	386	1492601	4259173
3	Proximal	2012	0	0.0	0	1125580	3794901
3	Proximal	2012	1	0.0	0	4608080	15191619
3	Proximal	2012	2	0.0	0	5847889	19919840
3	Proximal	2012	3	0.0	0	5874869	20056779
3	Proximal	2012	4	0.0	0	6060994	19819518
3	Proximal	2012	5	0.1	10	6408605	18257225
3	Proximal	2012	6	0.2	12	6127510	17722067
3	Proximal	2012	7	0.4	27	6016053	19511370
3	Proximal	2012	8	0.7000000000000001	44	5630605	22179956
3	Proximal	2012	9	1.2	77	6014087	22479229
3	Proximal	2012	10	2.1	137	6094314	19805793
3	Proximal	2012	11	4.4	273	6215561	17224359
3	Proximal	2012	12	5.2	295	5643839	13307234
3	Proximal	2012	13	8.1	382	4739343	10654272
3	Proximal	2012	14	10.4	381	3650502	9409940
3	Proximal	2012	15	13.9	355	2559558	8725574
3	Proximal	2012	16	16.7	319	1908761	7414559
3	Proximal	2012	17	19.9	295	1480034	4900234
3	Proximal	2012	18	23.7	366	1537597	4259173
3	Proximal	2013	0	0.0	0	1126675	3794901
3	Proximal	2013	1	0.0	0	4565554	15191619
3	Proximal	2013	2	0.0	0	5879676	19919840
3	Proximal	2013	3	0.0	1	5861317	20056779
3	Proximal	2013	4	0.0	2	5993951	19819518
3	Proximal	2013	5	0.0	2	6473639	18257225
3	Proximal	2013	6	0.1	13	6185941	17722067
3	Proximal	2013	7	0.1	17	6117944	19511370
3	Proximal	2013	8	0.9	50	5664590	22179956
3	Proximal	2013	9	1.7	95	5966637	22479229
3	Proximal	2013	10	2.8000000000000003	165	5991529	19805793
3	Proximal	2013	11	3.6	228	6226744	17224359
3	Proximal	2013	12	5.9	333	5764512	13307234
3	Proximal	2013	13	7.0	334	4831089	10654272
3	Proximal	2013	14	9.4	358	3824462	9409940
3	Proximal	2013	15	13.1	354	2714071	8725574
3	Proximal	2013	16	16.4	323	1957895	7414559
3	Proximal	2013	17	20.6	307	1478534	4900234
3	Proximal	2013	18	22.599999999999998	354	1572939	4259173
3	Proximal	2014	0	0.0	0	1127848	3794901
3	Proximal	2014	1	0.0	0	4563759	15191619
3	Proximal	2014	2	0.0	0	5859917	19919840
3	Proximal	2014	3	0.0	0	5860705	20056779
3	Proximal	2014	4	0.0	2	5941025	19819518
3	Proximal	2014	5	0.0	1	6496974	18257225
3	Proximal	2014	6	0.30000000000000004	15	6311163	17722067
3	Proximal	2014	7	0.6000000000000001	34	6191431	19511370
3	Proximal	2014	8	0.8	40	5736799	22179956
3	Proximal	2014	9	1.6	88	5881834	22479229
3	Proximal	2014	10	2.8000000000000003	164	5916489	19805793
3	Proximal	2014	11	3.9	242	6235869	17224359
3	Proximal	2014	12	6.0	347	5850304	13307234
3	Proximal	2014	13	7.5	373	4955482	10654272
3	Proximal	2014	14	9.700000000000001	392	4014338	9409940
3	Proximal	2014	15	12.9	365	2838658	8725574
3	Proximal	2014	16	15.9	322	2019235	7414559
3	Proximal	2014	17	21.2	313	1478454	4900234
3	Proximal	2014	18	22.9	368	1607353	4259173
