Stage	Age Category	Year of Diagnosis	Age Group	Age-Adjusted Rate	Count	Population	Std Pop
1	1	2000	0	0.0	0	1123953	3794901
1	1	2000	1	0.0	0	4493645	15191619
1	1	2000	2	0.0	0	6014762	19919840
1	1	2000	3	0.0	0	5906367	20056779
1	1	2000	4	0.1	3	5686059	19819518
1	1	2000	5	0.2	10	5432644	18257225
1	1	2000	6	0.6	33	5623783	17722067
1	1	2000	7	1.4	84	6010662	19511370
1	1	2000	8	2.6	166	6472872	22179956
1	1	2000	9	4.9	307	6317668	22479229
1	1	2000	10	10.4	583	5600622	19805793
1	2	2000	11	20.9	1021	4887550	17224359
1	2	2000	12	31.8	1158	3642175	13307234
1	2	2000	13	52.4	1485	2835963	10654272
1	3	2000	14	81.3	1982	2438122	9409940
1	3	2000	15	100.0	2250	2250088	8725574
1	3	2000	16	137.6	2632	1912863	7414559
1	3	2000	17	154.4	1962	1271099	4900234
1	3	2000	18	154.7	1664	1075916	4259173
1	1	2001	0	0.0	0	1173129	3794901
1	1	2001	1	0.0	0	4461077	15191619
1	1	2001	2	0.0	0	5921466	19919840
1	1	2001	3	0.0	1	6039438	20056779
1	1	2001	4	0.0	2	5724743	19819518
1	1	2001	5	0.3	15	5625901	18257225
1	1	2001	6	0.6	31	5510211	17722067
1	1	2001	7	1.2	74	6053687	19511370
1	1	2001	8	2.4	153	6381699	22179956
1	1	2001	9	4.9	316	6406429	22479229
1	1	2001	10	10.0	574	5741721	19805793
1	2	2001	11	21.1	1080	5125958	17224359
1	2	2001	12	32.8	1238	3770621	13307234
1	2	2001	13	52.2	1520	2914101	10654272
1	3	2001	14	80.1	1961	2448484	9409940
1	3	2001	15	104.3	2337	2241129	8725574
1	3	2001	16	135.6	2597	1915556	7414559
1	3	2001	17	144.6	1907	1318613	4900234
1	3	2001	18	158.4	1733	1093854	4259173
1	1	2002	0	0.0	0	1155177	3794901
1	1	2002	1	0.0	0	4501200	15191619
1	1	2002	2	0.0	1	5817114	19919840
1	1	2002	3	0.0	1	6150915	20056779
1	1	2002	4	0.1	5	5770911	19819518
1	1	2002	5	0.2	9	5762504	18257225
1	1	2002	6	0.5	26	5471944	17722067
1	1	2002	7	1.4	86	6047363	19511370
1	1	2002	8	2.7	168	6261179	22179956
1	1	2002	9	5.1	327	6439153	22479229
1	1	2002	10	9.7	573	5903564	19805793
1	2	2002	11	22.6	1160	5140748	17224359
1	2	2002	12	33.2	1359	4094161	13307234
1	2	2002	13	50.0	1513	3027382	10654272
1	3	2002	14	76.2	1883	2470774	9409940
1	3	2002	15	103.4	2300	2223927	8725574
1	3	2002	16	131.2	2512	1914270	7414559
1	3	2002	17	150.7	2056	1364730	4900234
1	3	2002	18	153.3	1706	1112959	4259173
1	1	2003	0	0.0	0	1167353	3794901
1	1	2003	1	0.0	0	4538931	15191619
1	1	2003	2	0.0	0	5723028	19919840
1	1	2003	3	0.0	1	6218900	20056779
1	1	2003	4	0.1	5	5836843	19819518
1	1	2003	5	0.3	19	5843252	18257225
1	1	2003	6	0.6	32	5486864	17722067
1	1	2003	7	1.2	74	5983870	19511370
1	1	2003	8	2.8	171	6145730	22179956
1	1	2003	9	4.7	306	6454280	22479229
1	1	2003	10	9.7	583	6040156	19805793
1	2	2003	11	22.3	1169	5240686	17224359
1	2	2003	12	32.3	1382	4283589	13307234
1	2	2003	13	49.0	1566	3198860	10654272
1	3	2003	14	75.1	1895	2524001	9409940
1	3	2003	15	97.5	2152	2206943	8725574
1	3	2003	16	126.5	2421	1914009	7414559
1	3	2003	17	146.4	2046	1397935	4900234
1	3	2003	18	148.3	1694	1142624	4259173
1	1	2004	0	0.1	1	1172686	3794901
1	1	2004	1	0.0	0	4583485	15191619
1	1	2004	2	0.0	0	5643903	19919840
1	1	2004	3	0.0	2	6231354	20056779
1	1	2004	4	0.1	7	5936630	19819518
1	1	2004	5	0.4	25	5909181	18257225
1	1	2004	6	0.6	34	5573085	17722067
1	1	2004	7	1.3	76	5884695	19511370
1	1	2004	8	2.5	149	6049887	22179956
1	1	2004	9	4.5	292	6477140	22479229
1	1	2004	10	10.2	625	6131734	19805793
1	2	2004	11	23.5	1259	5368022	17224359
1	2	2004	12	30.7	1382	4494532	13307234
1	2	2004	13	46.5	1551	3332349	10654272
1	3	2004	14	72.4	1870	2583068	9409940
1	3	2004	15	93.7	2052	2189003	8725574
1	3	2004	16	122.3	2322	1898091	7414559
1	3	2004	17	143.6	2057	1432237	4900234
1	3	2004	18	136.5	1589	1164503	4259173
1	1	2005	0	0.0	0	1136051	3794901
1	1	2005	1	0.0	0	4486608	15191619
1	1	2005	2	0.0	0	5429324	19919840
1	1	2005	3	0.0	1	6007382	20056779
1	1	2005	4	0.2	9	5889330	19819518
1	1	2005	5	0.2	11	5736685	18257225
1	1	2005	6	0.7	37	5527856	17722067
1	1	2005	7	1.3	72	5591393	19511370
1	1	2005	8	2.6	155	5883370	22179956
1	1	2005	9	5.6	348	6249039	22479229
1	1	2005	10	9.7	588	6057136	19805793
1	2	2005	11	24.0	1280	5343760	17224359
1	2	2005	12	32.4	1489	4600833	13307234
1	2	2005	13	47.9	1604	3350764	10654272
1	3	2005	14	68.8	1763	2561897	9409940
1	3	2005	15	94.6	2010	2124936	8725574
1	3	2005	16	116.9	2153	1842131	7414559
1	3	2005	17	136.6	1934	1415603	4900234
1	3	2005	18	139.9	1651	1180301	4259173
1	1	2006	0	0.0	0	1160852	3794901
1	1	2006	1	0.0	0	4583974	15191619
1	1	2006	2	0.0	0	5572891	19919840
1	1	2006	3	0.0	1	6086664	20056779
1	1	2006	4	0.1	5	6154466	19819518
1	1	2006	5	0.3	18	5890891	18257225
1	1	2006	6	0.5	32	5818474	17722067
1	1	2006	7	1.4	79	5580486	19511370
1	1	2006	8	2.3	139	6044427	22179956
1	1	2006	9	5.9	374	6297825	22479229
1	1	2006	10	10.4	653	6285693	19805793
1	2	2006	11	23.5	1319	5623573	17224359
1	2	2006	12	29.5	1461	4946510	13307234
1	2	2006	13	44.4	1580	3559967	10654272
1	3	2006	14	72.9	1970	2703241	9409940
1	3	2006	15	94.0	2061	2192274	8725574
1	3	2006	16	117.1	2208	1885792	7414559
1	3	2006	17	133.1	1938	1455580	4900234
1	3	2006	18	129.7	1629	1255977	4259173
1	1	2007	0	0.0	0	1196660	3794901
1	1	2007	1	0.0	0	4594421	15191619
1	1	2007	2	0.0	0	5597032	19919840
1	1	2007	3	0.0	1	6014342	20056779
1	1	2007	4	0.1	5	6248052	19819518
1	1	2007	5	0.3	17	5901284	18257225
1	1	2007	6	0.6	36	5922782	17722067
1	1	2007	7	1.2	68	5536657	19511370
1	1	2007	8	2.5	153	6031588	22179956
1	1	2007	9	5.7	353	6174095	22479229
1	1	2007	10	10.2	641	6312614	19805793
1	2	2007	11	25.3	1463	5783821	17224359
1	2	2007	12	31.7	1574	4958293	13307234
1	2	2007	13	44.4	1720	3871309	10654272
1	3	2007	14	72.8	2045	2810970	9409940
1	3	2007	15	93.8	2076	2213562	8725574
1	3	2007	16	111.9	2098	1875483	7414559
1	3	2007	17	126.5	1849	1461775	4900234
1	3	2007	18	128.5	1678	1305936	4259173
1	1	2008	0	0.0	0	1195094	3794901
1	1	2008	1	0.0	0	4637301	15191619
1	1	2008	2	0.0	0	5656971	19919840
1	1	2008	3	0.0	1	5958739	20056779
1	1	2008	4	0.1	8	6304058	19819518
1	1	2008	5	0.4	22	5936553	18257225
1	1	2008	6	0.7	40	6016049	17722067
1	1	2008	7	1.3	70	5570024	19511370
1	1	2008	8	3.2	190	5979214	22179956
1	1	2008	9	5.7	343	6066838	22479229
1	1	2008	10	10.1	636	6327512	19805793
1	2	2008	11	25.2	1495	5925371	17224359
1	2	2008	12	30.2	1529	5065472	13307234
1	2	2008	13	42.3	1714	4055528	10654272
1	3	2008	14	67.2	2000	2977431	9409940
1	3	2008	15	89.9	2034	2262028	8725574
1	3	2008	16	113.6	2118	1864482	7414559
1	3	2008	17	129.1	1894	1467035	4900234
1	3	2008	18	128.9	1744	1353083	4259173
1	1	2009	0	0.0	0	1146548	3794901
1	1	2009	1	0.0	0	4664913	15191619
1	1	2009	2	0.0	0	5739367	19919840
1	1	2009	3	0.0	0	5925524	20056779
1	1	2009	4	0.1	9	6310686	19819518
1	1	2009	5	0.4	24	6010909	18257225
1	1	2009	6	0.9	57	6059001	17722067
1	1	2009	7	1.7	96	5662291	19511370
1	1	2009	8	2.7	161	5891266	22179956
1	1	2009	9	5.7	343	5973354	22479229
1	1	2009	10	11.2	713	6352974	19805793
1	2	2009	11	26.1	1574	6026377	17224359
1	2	2009	12	30.8	1601	5202748	13307234
1	2	2009	13	41.0	1754	4273752	10654272
1	3	2009	14	62.4	1945	3114864	9409940
1	3	2009	15	83.1	1930	2321944	8725574
1	3	2009	16	103.8	1929	1858583	7414559
1	3	2009	17	117.9	1727	1465380	4900234
1	3	2009	18	117.8	1652	1402232	4259173
1	1	2010	0	0.0	0	1133096	3794901
1	1	2010	1	0.0	0	4657004	15191619
1	1	2010	2	0.0	0	5796285	19919840
1	1	2010	3	0.0	1	5915019	20056779
1	1	2010	4	0.1	7	6255772	19819518
1	1	2010	5	0.3	19	6113218	18257225
1	1	2010	6	0.8	50	6059938	17722067
1	1	2010	7	1.7	100	5782020	19511370
1	1	2010	8	2.6	152	5768546	22179956
1	1	2010	9	6.3	377	5971942	22479229
1	1	2010	10	10.2	646	6304576	19805793
1	2	2010	11	25.0	1531	6133641	17224359
1	2	2010	12	28.3	1517	5351059	13307234
1	2	2010	13	38.6	1743	4511342	10654272
1	3	2010	14	58.0	1880	3239597	9409940
1	3	2010	15	80.4	1912	2378879	8725574
1	3	2010	16	92.8	1729	1864112	7414559
1	3	2010	17	107.1	1578	1473432	4900234
1	3	2010	18	105.3	1528	1451061	4259173
1	1	2011	0	0.0	0	1143721	3794901
1	1	2011	1	0.0	0	4637626	15191619
1	1	2011	2	0.0	0	5803527	19919840
1	1	2011	3	0.1	6	5906423	20056779
1	1	2011	4	0.2	11	6147140	19819518
1	1	2011	5	0.4	23	6278343	18257225
1	1	2011	6	0.9	56	6100594	17722067
1	1	2011	7	1.4	80	5904792	19511370
1	1	2011	8	2.8	160	5649994	22179956
1	1	2011	9	5.5	329	6014260	22479229
1	1	2011	10	10.4	644	6199093	19805793
1	2	2011	11	24.2	1502	6197603	17224359
1	2	2011	12	25.5	1402	5490930	13307234
1	2	2011	13	35.8	1693	4725529	10654272
1	3	2011	14	55.7	1870	3357206	9409940
1	3	2011	15	74.9	1837	2453900	8725574
1	3	2011	16	90.8	1710	1882410	7414559
1	3	2011	17	105.0	1552	1478784	4900234
1	3	2011	18	104.6	1561	1492601	4259173
1	1	2012	0	0.0	0	1125580	3794901
1	1	2012	1	0.0	0	4608080	15191619
1	1	2012	2	0.0	0	5847889	19919840
1	1	2012	3	0.1	4	5874869	20056779
1	1	2012	4	0.3	17	6060994	19819518
1	1	2012	5	0.5	32	6408605	18257225
1	1	2012	6	1.1	65	6127510	17722067
1	1	2012	7	1.8	108	6016053	19511370
1	1	2012	8	2.8	158	5630605	22179956
1	1	2012	9	6.0	359	6014087	22479229
1	1	2012	10	10.2	620	6094314	19805793
1	2	2012	11	25.3	1570	6215561	17224359
1	2	2012	12	27.0	1526	5643839	13307234
1	2	2012	13	34.7	1644	4739343	10654272
1	3	2012	14	54.2	1979	3650502	9409940
1	3	2012	15	69.8	1786	2559558	8725574
1	3	2012	16	89.7	1712	1908761	7414559
1	3	2012	17	102.6	1519	1480034	4900234
1	3	2012	18	97.6	1500	1537597	4259173
1	1	2013	0	0.0	0	1126675	3794901
1	1	2013	1	0.0	0	4565554	15191619
1	1	2013	2	0.0	2	5879676	19919840
1	1	2013	3	0.1	8	5861317	20056779
1	1	2013	4	0.4	24	5993951	19819518
1	1	2013	5	0.6	38	6473639	18257225
1	1	2013	6	0.8	48	6185941	17722067
1	1	2013	7	1.7	106	6117944	19511370
1	1	2013	8	2.5	140	5664590	22179956
1	1	2013	9	5.2	308	5966637	22479229
1	1	2013	10	10.7	642	5991529	19805793
1	2	2013	11	24.0	1495	6226744	17224359
1	2	2013	12	25.9	1494	5764512	13307234
1	2	2013	13	34.8	1683	4831089	10654272
1	3	2013	14	52.1	1992	3824462	9409940
1	3	2013	15	66.5	1805	2714071	8725574
1	3	2013	16	83.1	1627	1957895	7414559
1	3	2013	17	102.6	1517	1478534	4900234
1	3	2013	18	92.3	1452	1572939	4259173
1	1	2014	0	0.0	0	1127848	3794901
1	1	2014	1	0.0	0	4563759	15191619
1	1	2014	2	0.1	4	5859917	19919840
1	1	2014	3	0.2	14	5860705	20056779
1	1	2014	4	0.5	30	5941025	19819518
1	1	2014	5	0.6	39	6496974	18257225
1	1	2014	6	1.1	71	6311163	17722067
1	1	2014	7	1.9	118	6191431	19511370
1	1	2014	8	3.5	200	5736799	22179956
1	1	2014	9	6.0	351	5881834	22479229
1	1	2014	10	10.5	619	5916489	19805793
1	2	2014	11	27.1	1691	6235869	17224359
1	2	2014	12	27.9	1633	5850304	13307234
1	2	2014	13	35.4	1752	4955482	10654272
1	3	2014	14	51.9	2083	4014338	9409940
1	3	2014	15	62.6	1776	2838658	8725574
1	3	2014	16	80.5	1626	2019235	7414559
1	3	2014	17	94.0	1390	1478454	4900234
1	3	2014	18	87.8	1411	1607353	4259173
2	1	2000	0	0.0	0	1123953	3794901
2	1	2000	1	0.0	0	4493645	15191619
2	1	2000	2	0.0	0	6014762	19919840
2	1	2000	3	0.0	0	5906367	20056779
2	1	2000	4	0.1	7	5686059	19819518
2	1	2000	5	0.2	13	5432644	18257225
2	1	2000	6	0.7	42	5623783	17722067
2	1	2000	7	1.8	106	6010662	19511370
2	1	2000	8	3.0	191	6472872	22179956
2	1	2000	9	5.6	352	6317668	22479229
2	1	2000	10	10.6	592	5600622	19805793
2	2	2000	11	18.8	917	4887550	17224359
2	2	2000	12	30.0	1091	3642175	13307234
2	2	2000	13	50.1	1422	2835963	10654272
2	3	2000	14	72.4	1766	2438122	9409940
2	3	2000	15	96.8	2178	2250088	8725574
2	3	2000	16	119.3	2283	1912863	7414559
2	3	2000	17	144.0	1830	1271099	4900234
2	3	2000	18	154.9	1667	1075916	4259173
2	1	2001	0	0.0	0	1173129	3794901
2	1	2001	1	0.0	0	4461077	15191619
2	1	2001	2	0.0	0	5921466	19919840
2	1	2001	3	0.1	4	6039438	20056779
2	1	2001	4	0.1	8	5724743	19819518
2	1	2001	5	0.3	17	5625901	18257225
2	1	2001	6	0.7	39	5510211	17722067
2	1	2001	7	1.5	88	6053687	19511370
2	1	2001	8	3.1	195	6381699	22179956
2	1	2001	9	5.5	353	6406429	22479229
2	1	2001	10	11.0	629	5741721	19805793
2	2	2001	11	19.0	972	5125958	17224359
2	2	2001	12	30.9	1164	3770621	13307234
2	2	2001	13	47.2	1376	2914101	10654272
2	3	2001	14	71.0	1739	2448484	9409940
2	3	2001	15	92.3	2068	2241129	8725574
2	3	2001	16	122.3	2343	1915556	7414559
2	3	2001	17	142.6	1881	1318613	4900234
2	3	2001	18	153.0	1674	1093854	4259173
2	1	2002	0	0.0	0	1155177	3794901
2	1	2002	1	0.0	0	4501200	15191619
2	1	2002	2	0.0	0	5817114	19919840
2	1	2002	3	0.1	4	6150915	20056779
2	1	2002	4	0.1	5	5770911	19819518
2	1	2002	5	0.3	16	5762504	18257225
2	1	2002	6	0.8	46	5471944	17722067
2	1	2002	7	1.4	83	6047363	19511370
2	1	2002	8	3.4	211	6261179	22179956
2	1	2002	9	5.8	376	6439153	22479229
2	1	2002	10	10.0	593	5903564	19805793
2	2	2002	11	19.5	1004	5140748	17224359
2	2	2002	12	28.9	1183	4094161	13307234
2	2	2002	13	45.0	1362	3027382	10654272
2	3	2002	14	67.0	1655	2470774	9409940
2	3	2002	15	92.9	2066	2223927	8725574
2	3	2002	16	114.9	2200	1914270	7414559
2	3	2002	17	140.7	1920	1364730	4900234
2	3	2002	18	137.1	1526	1112959	4259173
2	1	2003	0	0.0	0	1167353	3794901
2	1	2003	1	0.0	0	4538931	15191619
2	1	2003	2	0.0	0	5723028	19919840
2	1	2003	3	0.0	1	6218900	20056779
2	1	2003	4	0.1	4	5836843	19819518
2	1	2003	5	0.2	14	5843252	18257225
2	1	2003	6	0.9	47	5486864	17722067
2	1	2003	7	1.8	105	5983870	19511370
2	1	2003	8	3.1	192	6145730	22179956
2	1	2003	9	5.9	378	6454280	22479229
2	1	2003	10	10.5	632	6040156	19805793
2	2	2003	11	18.8	983	5240686	17224359
2	2	2003	12	28.3	1212	4283589	13307234
2	2	2003	13	42.7	1367	3198860	10654272
2	3	2003	14	66.9	1689	2524001	9409940
2	3	2003	15	89.3	1970	2206943	8725574
2	3	2003	16	113.7	2176	1914009	7414559
2	3	2003	17	132.2	1848	1397935	4900234
2	3	2003	18	134.2	1533	1142624	4259173
2	1	2004	0	0.0	0	1172686	3794901
2	1	2004	1	0.0	0	4583485	15191619
2	1	2004	2	0.0	0	5643903	19919840
2	1	2004	3	0.0	0	6231354	20056779
2	1	2004	4	0.1	6	5936630	19819518
2	1	2004	5	0.4	22	5909181	18257225
2	1	2004	6	0.7	38	5573085	17722067
2	1	2004	7	1.5	90	5884695	19511370
2	1	2004	8	3.5	210	6049887	22179956
2	1	2004	9	6.3	409	6477140	22479229
2	1	2004	10	11.0	677	6131734	19805793
2	2	2004	11	19.4	1042	5368022	17224359
2	2	2004	12	27.7	1244	4494532	13307234
2	2	2004	13	39.5	1317	3332349	10654272
2	3	2004	14	64.6	1669	2583068	9409940
2	3	2004	15	85.8	1879	2189003	8725574
2	3	2004	16	99.8	1894	1898091	7414559
2	3	2004	17	126.2	1807	1432237	4900234
2	3	2004	18	130.4	1519	1164503	4259173
2	1	2005	0	0.0	0	1136051	3794901
2	1	2005	1	0.0	0	4486608	15191619
2	1	2005	2	0.0	0	5429324	19919840
2	1	2005	3	0.0	0	6007382	20056779
2	1	2005	4	0.1	8	5889330	19819518
2	1	2005	5	0.3	20	5736685	18257225
2	1	2005	6	0.9	50	5527856	17722067
2	1	2005	7	1.8	101	5591393	19511370
2	1	2005	8	3.4	199	5883370	22179956
2	1	2005	9	5.9	366	6249039	22479229
2	1	2005	10	10.7	649	6057136	19805793
2	2	2005	11	18.2	972	5343760	17224359
2	2	2005	12	27.3	1258	4600833	13307234
2	2	2005	13	38.8	1300	3350764	10654272
2	3	2005	14	61.8	1583	2561897	9409940
2	3	2005	15	75.5	1604	2124936	8725574
2	3	2005	16	104.9	1932	1842131	7414559
2	3	2005	17	119.8	1696	1415603	4900234
2	3	2005	18	123.0	1452	1180301	4259173
2	1	2006	0	0.0	0	1160852	3794901
2	1	2006	1	0.0	0	4583974	15191619
2	1	2006	2	0.0	0	5572891	19919840
2	1	2006	3	0.0	2	6086664	20056779
2	1	2006	4	0.1	5	6154466	19819518
2	1	2006	5	0.4	24	5890891	18257225
2	1	2006	6	0.8	47	5818474	17722067
2	1	2006	7	2.2	121	5580486	19511370
2	1	2006	8	3.1	189	6044427	22179956
2	1	2006	9	6.1	382	6297825	22479229
2	1	2006	10	10.7	674	6285693	19805793
2	2	2006	11	18.1	1016	5623573	17224359
2	2	2006	12	27.0	1335	4946510	13307234
2	2	2006	13	37.8	1347	3559967	10654272
2	3	2006	14	57.5	1554	2703241	9409940
2	3	2006	15	75.4	1653	2192274	8725574
2	3	2006	16	96.3	1816	1885792	7414559
2	3	2006	17	119.3	1737	1455580	4900234
2	3	2006	18	116.6	1464	1255977	4259173
2	1	2007	0	0.0	0	1196660	3794901
2	1	2007	1	0.0	0	4594421	15191619
2	1	2007	2	0.0	0	5597032	19919840
2	1	2007	3	0.0	1	6014342	20056779
2	1	2007	4	0.1	4	6248052	19819518
2	1	2007	5	0.4	22	5901284	18257225
2	1	2007	6	0.9	55	5922782	17722067
2	1	2007	7	1.7	96	5536657	19511370
2	1	2007	8	3.5	209	6031588	22179956
2	1	2007	9	6.6	405	6174095	22479229
2	1	2007	10	11.7	740	6312614	19805793
2	2	2007	11	19.2	1112	5783821	17224359
2	2	2007	12	27.0	1338	4958293	13307234
2	2	2007	13	37.8	1465	3871309	10654272
2	3	2007	14	57.7	1622	2810970	9409940
2	3	2007	15	74.0	1637	2213562	8725574
2	3	2007	16	93.1	1747	1875483	7414559
2	3	2007	17	110.0	1608	1461775	4900234
2	3	2007	18	114.3	1493	1305936	4259173
2	1	2008	0	0.1	1	1195094	3794901
2	1	2008	1	0.0	0	4637301	15191619
2	1	2008	2	0.0	0	5656971	19919840
2	1	2008	3	0.0	1	5958739	20056779
2	1	2008	4	0.1	8	6304058	19819518
2	1	2008	5	0.3	15	5936553	18257225
2	1	2008	6	0.8	49	6016049	17722067
2	1	2008	7	1.9	108	5570024	19511370
2	1	2008	8	3.6	217	5979214	22179956
2	1	2008	9	6.1	368	6066838	22479229
2	1	2008	10	10.8	686	6327512	19805793
2	2	2008	11	19.2	1135	5925371	17224359
2	2	2008	12	25.9	1314	5065472	13307234
2	2	2008	13	33.7	1366	4055528	10654272
2	3	2008	14	53.1	1580	2977431	9409940
2	3	2008	15	71.3	1613	2262028	8725574
2	3	2008	16	91.3	1702	1864482	7414559
2	3	2008	17	111.3	1633	1467035	4900234
2	3	2008	18	114.3	1546	1353083	4259173
2	1	2009	0	0.0	0	1146548	3794901
2	1	2009	1	0.0	0	4664913	15191619
2	1	2009	2	0.0	0	5739367	19919840
2	1	2009	3	0.0	1	5925524	20056779
2	1	2009	4	0.0	2	6310686	19819518
2	1	2009	5	0.3	21	6010909	18257225
2	1	2009	6	0.6	37	6059001	17722067
2	1	2009	7	1.9	105	5662291	19511370
2	1	2009	8	3.3	195	5891266	22179956
2	1	2009	9	6.4	384	5973354	22479229
2	1	2009	10	10.8	683	6352974	19805793
2	2	2009	11	19.7	1185	6026377	17224359
2	2	2009	12	23.4	1215	5202748	13307234
2	2	2009	13	34.6	1480	4273752	10654272
2	3	2009	14	49.1	1530	3114864	9409940
2	3	2009	15	67.1	1559	2321944	8725574
2	3	2009	16	88.0	1636	1858583	7414559
2	3	2009	17	104.2	1527	1465380	4900234
2	3	2009	18	106.8	1498	1402232	4259173
2	1	2010	0	0.0	0	1133096	3794901
2	1	2010	1	0.0	0	4657004	15191619
2	1	2010	2	0.0	0	5796285	19919840
2	1	2010	3	0.0	2	5915019	20056779
2	1	2010	4	0.2	10	6255772	19819518
2	1	2010	5	0.3	21	6113218	18257225
2	1	2010	6	0.8	50	6059938	17722067
2	1	2010	7	2.0	118	5782020	19511370
2	1	2010	8	3.3	192	5768546	22179956
2	1	2010	9	6.2	371	5971942	22479229
2	1	2010	10	11.7	740	6304576	19805793
2	2	2010	11	18.9	1159	6133641	17224359
2	2	2010	12	23.5	1256	5351059	13307234
2	2	2010	13	33.3	1501	4511342	10654272
2	3	2010	14	45.8	1484	3239597	9409940
2	3	2010	15	64.1	1526	2378879	8725574
2	3	2010	16	79.3	1479	1864112	7414559
2	3	2010	17	98.5	1452	1473432	4900234
2	3	2010	18	102.2	1483	1451061	4259173
2	1	2011	0	0.0	0	1143721	3794901
2	1	2011	1	0.0	0	4637626	15191619
2	1	2011	2	0.0	0	5803527	19919840
2	1	2011	3	0.0	1	5906423	20056779
2	1	2011	4	0.1	6	6147140	19819518
2	1	2011	5	0.4	23	6278343	18257225
2	1	2011	6	0.8	47	6100594	17722067
2	1	2011	7	1.7	99	5904792	19511370
2	1	2011	8	3.7	211	5649994	22179956
2	1	2011	9	6.8	407	6014260	22479229
2	1	2011	10	11.9	736	6199093	19805793
2	2	2011	11	17.8	1103	6197603	17224359
2	2	2011	12	22.7	1244	5490930	13307234
2	2	2011	13	32.6	1540	4725529	10654272
2	3	2011	14	43.6	1464	3357206	9409940
2	3	2011	15	61.8	1517	2453900	8725574
2	3	2011	16	76.4	1439	1882410	7414559
2	3	2011	17	95.2	1408	1478784	4900234
2	3	2011	18	98.0	1463	1492601	4259173
2	1	2012	0	0.0	0	1125580	3794901
2	1	2012	1	0.0	0	4608080	15191619
2	1	2012	2	0.0	0	5847889	19919840
2	1	2012	3	0.0	1	5874869	20056779
2	1	2012	4	0.1	8	6060994	19819518
2	1	2012	5	0.4	24	6408605	18257225
2	1	2012	6	0.8	51	6127510	17722067
2	1	2012	7	1.9	113	6016053	19511370
2	1	2012	8	3.6	205	5630605	22179956
2	1	2012	9	6.4	382	6014087	22479229
2	1	2012	10	11.7	711	6094314	19805793
2	2	2012	11	19.5	1212	6215561	17224359
2	2	2012	12	23.0	1298	5643839	13307234
2	2	2012	13	31.7	1502	4739343	10654272
2	3	2012	14	44.6	1629	3650502	9409940
2	3	2012	15	60.8	1557	2559558	8725574
2	3	2012	16	72.5	1383	1908761	7414559
2	3	2012	17	92.2	1365	1480034	4900234
2	3	2012	18	91.9	1413	1537597	4259173
2	1	2013	0	0.0	0	1126675	3794901
2	1	2013	1	0.0	0	4565554	15191619
2	1	2013	2	0.0	0	5879676	19919840
2	1	2013	3	0.1	5	5861317	20056779
2	1	2013	4	0.1	6	5993951	19819518
2	1	2013	5	0.2	16	6473639	18257225
2	1	2013	6	0.9	54	6185941	17722067
2	1	2013	7	2.1	129	6117944	19511370
2	1	2013	8	3.7	210	5664590	22179956
2	1	2013	9	6.8	404	5966637	22479229
2	1	2013	10	11.0	658	5991529	19805793
2	2	2013	11	19.0	1184	6226744	17224359
2	2	2013	12	22.8	1317	5764512	13307234
2	2	2013	13	30.7	1483	4831089	10654272
2	3	2013	14	43.2	1652	3824462	9409940
2	3	2013	15	53.6	1456	2714071	8725574
2	3	2013	16	66.4	1301	1957895	7414559
2	3	2013	17	86.9	1285	1478534	4900234
2	3	2013	18	87.5	1377	1572939	4259173
2	1	2014	0	0.0	0	1127848	3794901
2	1	2014	1	0.0	0	4563759	15191619
2	1	2014	2	0.0	1	5859917	19919840
2	1	2014	3	0.0	1	5860705	20056779
2	1	2014	4	0.2	12	5941025	19819518
2	1	2014	5	0.4	25	6496974	18257225
2	1	2014	6	1.0	62	6311163	17722067
2	1	2014	7	2.1	127	6191431	19511370
2	1	2014	8	4.3	246	5736799	22179956
2	1	2014	9	7.6	445	5881834	22479229
2	1	2014	10	12.1	715	5916489	19805793
2	2	2014	11	19.0	1185	6235869	17224359
2	2	2014	12	24.4	1428	5850304	13307234
2	2	2014	13	32.2	1596	4955482	10654272
2	3	2014	14	40.6	1630	4014338	9409940
2	3	2014	15	50.8	1443	2838658	8725574
2	3	2014	16	66.5	1343	2019235	7414559
2	3	2014	17	77.0	1139	1478454	4900234
2	3	2014	18	83.6	1343	1607353	4259173
3	1	2000	0	0.0	0	1123953	3794901
3	1	2000	1	0.0	0	4493645	15191619
3	1	2000	2	0.0	0	6014762	19919840
3	1	2000	3	0.0	0	5906367	20056779
3	1	2000	4	0.1	3	5686059	19819518
3	1	2000	5	0.1	6	5432644	18257225
3	1	2000	6	0.3	17	5623783	17722067
3	1	2000	7	0.7	45	6010662	19511370
3	1	2000	8	1.7	110	6472872	22179956
3	1	2000	9	3.5	223	6317668	22479229
3	1	2000	10	5.6	316	5600622	19805793
3	2	2000	11	10.0	489	4887550	17224359
3	2	2000	12	17.1	621	3642175	13307234
3	2	2000	13	25.5	724	2835963	10654272
3	3	2000	14	34.3	836	2438122	9409940
3	3	2000	15	44.1	992	2250088	8725574
3	3	2000	16	51.1	977	1912863	7414559
3	3	2000	17	63.4	806	1271099	4900234
3	3	2000	18	64.1	690	1075916	4259173
3	1	2001	0	0.0	0	1173129	3794901
3	1	2001	1	0.0	0	4461077	15191619
3	1	2001	2	0.0	0	5921466	19919840
3	1	2001	3	0.0	3	6039438	20056779
3	1	2001	4	0.1	4	5724743	19819518
3	1	2001	5	0.2	9	5625901	18257225
3	1	2001	6	0.4	21	5510211	17722067
3	1	2001	7	0.7	43	6053687	19511370
3	1	2001	8	1.7	110	6381699	22179956
3	1	2001	9	3.4	217	6406429	22479229
3	1	2001	10	6.6	377	5741721	19805793
3	2	2001	11	10.5	539	5125958	17224359
3	2	2001	12	16.2	611	3770621	13307234
3	2	2001	13	25.8	751	2914101	10654272
3	3	2001	14	34.2	837	2448484	9409940
3	3	2001	15	43.4	973	2241129	8725574
3	3	2001	16	52.4	1003	1915556	7414559
3	3	2001	17	62.3	822	1318613	4900234
3	3	2001	18	66.2	724	1093854	4259173
3	1	2002	0	0.0	0	1155177	3794901
3	1	2002	1	0.0	0	4501200	15191619
3	1	2002	2	0.0	0	5817114	19919840
3	1	2002	3	0.0	1	6150915	20056779
3	1	2002	4	0.1	3	5770911	19819518
3	1	2002	5	0.2	11	5762504	18257225
3	1	2002	6	0.4	21	5471944	17722067
3	1	2002	7	0.9	52	6047363	19511370
3	1	2002	8	1.9	119	6261179	22179956
3	1	2002	9	3.3	213	6439153	22479229
3	1	2002	10	6.9	408	5903564	19805793
3	2	2002	11	11.5	589	5140748	17224359
3	2	2002	12	17.5	715	4094161	13307234
3	2	2002	13	24.8	750	3027382	10654272
3	3	2002	14	33.2	820	2470774	9409940
3	3	2002	15	43.0	957	2223927	8725574
3	3	2002	16	53.8	1030	1914270	7414559
3	3	2002	17	64.8	884	1364730	4900234
3	3	2002	18	63.7	709	1112959	4259173
3	1	2003	0	0.0	0	1167353	3794901
3	1	2003	1	0.0	0	4538931	15191619
3	1	2003	2	0.0	0	5723028	19919840
3	1	2003	3	0.0	0	6218900	20056779
3	1	2003	4	0.1	7	5836843	19819518
3	1	2003	5	0.2	14	5843252	18257225
3	1	2003	6	0.3	19	5486864	17722067
3	1	2003	7	1.1	68	5983870	19511370
3	1	2003	8	1.7	105	6145730	22179956
3	1	2003	9	3.6	231	6454280	22479229
3	1	2003	10	6.8	411	6040156	19805793
3	2	2003	11	11.3	593	5240686	17224359
3	2	2003	12	15.9	682	4283589	13307234
3	2	2003	13	23.4	747	3198860	10654272
3	3	2003	14	35.9	906	2524001	9409940
3	3	2003	15	42.1	929	2206943	8725574
3	3	2003	16	52.2	999	1914009	7414559
3	3	2003	17	58.5	818	1397935	4900234
3	3	2003	18	61.5	703	1142624	4259173
3	1	2004	0	0.0	0	1172686	3794901
3	1	2004	1	0.0	0	4583485	15191619
3	1	2004	2	0.0	0	5643903	19919840
3	1	2004	3	0.0	1	6231354	20056779
3	1	2004	4	0.1	3	5936630	19819518
3	1	2004	5	0.3	15	5909181	18257225
3	1	2004	6	0.4	25	5573085	17722067
3	1	2004	7	0.9	54	5884695	19511370
3	1	2004	8	2.1	127	6049887	22179956
3	1	2004	9	3.2	207	6477140	22479229
3	1	2004	10	7.1	433	6131734	19805793
3	2	2004	11	11.2	600	5368022	17224359
3	2	2004	12	16.8	757	4494532	13307234
3	2	2004	13	25.1	836	3332349	10654272
3	3	2004	14	31.9	824	2583068	9409940
3	3	2004	15	41.7	912	2189003	8725574
3	3	2004	16	50.3	954	1898091	7414559
3	3	2004	17	58.2	833	1432237	4900234
3	3	2004	18	62.0	722	1164503	4259173
3	1	2005	0	0.0	0	1136051	3794901
3	1	2005	1	0.0	0	4486608	15191619
3	1	2005	2	0.0	0	5429324	19919840
3	1	2005	3	0.0	2	6007382	20056779
3	1	2005	4	0.1	6	5889330	19819518
3	1	2005	5	0.2	10	5736685	18257225
3	1	2005	6	0.7	36	5527856	17722067
3	1	2005	7	1.3	70	5591393	19511370
3	1	2005	8	1.9	114	5883370	22179956
3	1	2005	9	3.7	229	6249039	22479229
3	1	2005	10	7.5	452	6057136	19805793
3	2	2005	11	11.6	619	5343760	17224359
3	2	2005	12	16.1	741	4600833	13307234
3	2	2005	13	25.4	850	3350764	10654272
3	3	2005	14	32.7	839	2561897	9409940
3	3	2005	15	39.5	840	2124936	8725574
3	3	2005	16	47.0	866	1842131	7414559
3	3	2005	17	54.4	770	1415603	4900234
3	3	2005	18	58.5	690	1180301	4259173
3	1	2006	0	0.0	0	1160852	3794901
3	1	2006	1	0.0	0	4583974	15191619
3	1	2006	2	0.0	0	5572891	19919840
3	1	2006	3	0.0	1	6086664	20056779
3	1	2006	4	0.0	3	6154466	19819518
3	1	2006	5	0.3	15	5890891	18257225
3	1	2006	6	0.5	32	5818474	17722067
3	1	2006	7	1.1	64	5580486	19511370
3	1	2006	8	2.3	138	6044427	22179956
3	1	2006	9	4.3	268	6297825	22479229
3	1	2006	10	6.5	411	6285693	19805793
3	2	2006	11	11.5	648	5623573	17224359
3	2	2006	12	16.0	793	4946510	13307234
3	2	2006	13	22.8	810	3559967	10654272
3	3	2006	14	32.3	874	2703241	9409940
3	3	2006	15	40.1	880	2192274	8725574
3	3	2006	16	45.7	861	1885792	7414559
3	3	2006	17	53.0	772	1455580	4900234
3	3	2006	18	60.6	761	1255977	4259173
3	1	2007	0	0.0	0	1196660	3794901
3	1	2007	1	0.0	0	4594421	15191619
3	1	2007	2	0.0	0	5597032	19919840
3	1	2007	3	0.0	1	6014342	20056779
3	1	2007	4	0.1	7	6248052	19819518
3	1	2007	5	0.2	13	5901284	18257225
3	1	2007	6	0.4	25	5922782	17722067
3	1	2007	7	1.0	53	5536657	19511370
3	1	2007	8	2.0	121	6031588	22179956
3	1	2007	9	4.2	260	6174095	22479229
3	1	2007	10	7.4	465	6312614	19805793
3	2	2007	11	11.7	677	5783821	17224359
3	2	2007	12	16.2	805	4958293	13307234
3	2	2007	13	21.9	849	3871309	10654272
3	3	2007	14	29.3	824	2810970	9409940
3	3	2007	15	38.4	851	2213562	8725574
3	3	2007	16	44.7	838	1875483	7414559
3	3	2007	17	51.9	759	1461775	4900234
3	3	2007	18	57.2	747	1305936	4259173
3	1	2008	0	0.0	0	1195094	3794901
3	1	2008	1	0.0	0	4637301	15191619
3	1	2008	2	0.0	0	5656971	19919840
3	1	2008	3	0.0	0	5958739	20056779
3	1	2008	4	0.1	8	6304058	19819518
3	1	2008	5	0.2	11	5936553	18257225
3	1	2008	6	0.6	34	6016049	17722067
3	1	2008	7	1.1	62	5570024	19511370
3	1	2008	8	2.3	136	5979214	22179956
3	1	2008	9	4.6	279	6066838	22479229
3	1	2008	10	7.4	466	6327512	19805793
3	2	2008	11	11.0	649	5925371	17224359
3	2	2008	12	16.6	842	5065472	13307234
3	2	2008	13	21.8	883	4055528	10654272
3	3	2008	14	28.5	848	2977431	9409940
3	3	2008	15	37.4	847	2262028	8725574
3	3	2008	16	44.9	837	1864482	7414559
3	3	2008	17	52.7	773	1467035	4900234
3	3	2008	18	57.5	778	1353083	4259173
3	1	2009	0	0.0	0	1146548	3794901
3	1	2009	1	0.0	0	4664913	15191619
3	1	2009	2	0.0	0	5739367	19919840
3	1	2009	3	0.0	0	5925524	20056779
3	1	2009	4	0.1	4	6310686	19819518
3	1	2009	5	0.3	17	6010909	18257225
3	1	2009	6	0.5	28	6059001	17722067
3	1	2009	7	1.1	62	5662291	19511370
3	1	2009	8	2.3	133	5891266	22179956
3	1	2009	9	4.4	265	5973354	22479229
3	1	2009	10	8.0	511	6352974	19805793
3	2	2009	11	11.1	671	6026377	17224359
3	2	2009	12	16.1	837	5202748	13307234
3	2	2009	13	21.6	923	4273752	10654272
3	3	2009	14	27.4	852	3114864	9409940
3	3	2009	15	36.6	850	2321944	8725574
3	3	2009	16	44.6	829	1858583	7414559
3	3	2009	17	50.0	732	1465380	4900234
3	3	2009	18	54.8	768	1402232	4259173
3	1	2010	0	0.0	0	1133096	3794901
3	1	2010	1	0.0	0	4657004	15191619
3	1	2010	2	0.0	0	5796285	19919840
3	1	2010	3	0.0	0	5915019	20056779
3	1	2010	4	0.0	3	6255772	19819518
3	1	2010	5	0.2	12	6113218	18257225
3	1	2010	6	0.6	38	6059938	17722067
3	1	2010	7	1.1	62	5782020	19511370
3	1	2010	8	2.1	120	5768546	22179956
3	1	2010	9	4.2	252	5971942	22479229
3	1	2010	10	8.6	544	6304576	19805793
3	2	2010	11	11.7	719	6133641	17224359
3	2	2010	12	15.4	825	5351059	13307234
3	2	2010	13	21.9	986	4511342	10654272
3	3	2010	14	27.7	896	3239597	9409940
3	3	2010	15	34.8	828	2378879	8725574
3	3	2010	16	39.8	741	1864112	7414559
3	3	2010	17	47.8	705	1473432	4900234
3	3	2010	18	56.2	816	1451061	4259173
3	1	2011	0	0.0	0	1143721	3794901
3	1	2011	1	0.0	0	4637626	15191619
3	1	2011	2	0.0	0	5803527	19919840
3	1	2011	3	0.0	0	5906423	20056779
3	1	2011	4	0.0	2	6147140	19819518
3	1	2011	5	0.3	17	6278343	18257225
3	1	2011	6	0.8	48	6100594	17722067
3	1	2011	7	1.4	82	5904792	19511370
3	1	2011	8	2.6	147	5649994	22179956
3	1	2011	9	4.3	257	6014260	22479229
3	1	2011	10	8.1	505	6199093	19805793
3	2	2011	11	11.8	733	6197603	17224359
3	2	2011	12	15.6	855	5490930	13307234
3	2	2011	13	22.2	1048	4725529	10654272
3	3	2011	14	25.5	857	3357206	9409940
3	3	2011	15	32.0	785	2453900	8725574
3	3	2011	16	40.6	764	1882410	7414559
3	3	2011	17	48.9	723	1478784	4900234
3	3	2011	18	53.5	799	1492601	4259173
3	1	2012	0	0.0	0	1125580	3794901
3	1	2012	1	0.0	0	4608080	15191619
3	1	2012	2	0.0	0	5847889	19919840
3	1	2012	3	0.0	0	5874869	20056779
3	1	2012	4	0.0	1	6060994	19819518
3	1	2012	5	0.3	19	6408605	18257225
3	1	2012	6	0.7	44	6127510	17722067
3	1	2012	7	1.2	73	6016053	19511370
3	1	2012	8	2.7	150	5630605	22179956
3	1	2012	9	4.2	254	6014087	22479229
3	1	2012	10	8.0	486	6094314	19805793
3	2	2012	11	12.4	768	6215561	17224359
3	2	2012	12	14.8	833	5643839	13307234
3	2	2012	13	21.2	1004	4739343	10654272
3	3	2012	14	26.6	972	3650502	9409940
3	3	2012	15	31.1	796	2559558	8725574
3	3	2012	16	39.2	749	1908761	7414559
3	3	2012	17	45.3	671	1480034	4900234
3	3	2012	18	49.9	767	1537597	4259173
3	1	2013	0	0.0	0	1126675	3794901
3	1	2013	1	0.0	0	4565554	15191619
3	1	2013	2	0.0	0	5879676	19919840
3	1	2013	3	0.1	3	5861317	20056779
3	1	2013	4	0.1	5	5993951	19819518
3	1	2013	5	0.2	12	6473639	18257225
3	1	2013	6	0.6	40	6185941	17722067
3	1	2013	7	1.3	82	6117944	19511370
3	1	2013	8	2.9	166	5664590	22179956
3	1	2013	9	4.9	293	5966637	22479229
3	1	2013	10	8.6	513	5991529	19805793
3	2	2013	11	12.3	767	6226744	17224359
3	2	2013	12	16.6	957	5764512	13307234
3	2	2013	13	19.7	952	4831089	10654272
3	3	2013	14	24.2	924	3824462	9409940
3	3	2013	15	31.5	855	2714071	8725574
3	3	2013	16	37.8	741	1957895	7414559
3	3	2013	17	43.8	648	1478534	4900234
3	3	2013	18	47.2	742	1572939	4259173
3	1	2014	0	0.0	0	1127848	3794901
3	1	2014	1	0.0	0	4563759	15191619
3	1	2014	2	0.0	0	5859917	19919840
3	1	2014	3	0.0	1	5860705	20056779
3	1	2014	4	0.0	2	5941025	19819518
3	1	2014	5	0.2	13	6496974	18257225
3	1	2014	6	0.7	47	6311163	17722067
3	1	2014	7	1.8	111	6191431	19511370
3	1	2014	8	2.6	148	5736799	22179956
3	1	2014	9	4.8	285	5881834	22479229
3	1	2014	10	8.6	506	5916489	19805793
3	2	2014	11	11.8	734	6235869	17224359
3	2	2014	12	16.6	970	5850304	13307234
3	2	2014	13	21.9	1086	4955482	10654272
3	3	2014	14	25.3	1016	4014338	9409940
3	3	2014	15	31.4	890	2838658	8725574
3	3	2014	16	37.4	756	2019235	7414559
3	3	2014	17	46.7	691	1478454	4900234
3	3	2014	18	46.6	749	1607353	4259173
