Stage	Age Category	Year of Diagnosis	Age Group	Age-Adjusted Rate	Count	Population	Std Pop
1	1	2000	0	0.0	0	1123953	3794901
1	1	2000	1	0.0	0	4493645	15191619
1	1	2000	2	0.0	0	6014762	19919840
1	1	2000	3	0.0	0	5906367	20056779
1	1	2000	4	0.1	3	5686059	19819518
1	1	2000	5	0.2	10	5432644	18257225
1	1	2000	6	0.6	33	5623783	17722067
1	1	2000	7	1.4	84	6010662	19511370
1	1	2000	8	2.6	166	6472872	22179956
1	1	2000	9	4.9	307	6317668	22479229
1	1	2000	10	10.4	583	5600622	19805793
1	1	2001	0	0.0	0	1173129	3794901
1	1	2001	1	0.0	0	4461077	15191619
1	1	2001	2	0.0	0	5921466	19919840
1	1	2001	3	0.0	1	6039438	20056779
1	1	2001	4	0.0	2	5724743	19819518
1	1	2001	5	0.3	15	5625901	18257225
1	1	2001	6	0.6	31	5510211	17722067
1	1	2001	7	1.2	74	6053687	19511370
1	1	2001	8	2.4	153	6381699	22179956
1	1	2001	9	4.9	316	6406429	22479229
1	1	2001	10	10.0	574	5741721	19805793
1	1	2002	0	0.0	0	1155177	3794901
1	1	2002	1	0.0	0	4501200	15191619
1	1	2002	2	0.0	1	5817114	19919840
1	1	2002	3	0.0	1	6150915	20056779
1	1	2002	4	0.1	5	5770911	19819518
1	1	2002	5	0.2	9	5762504	18257225
1	1	2002	6	0.5	26	5471944	17722067
1	1	2002	7	1.4	86	6047363	19511370
1	1	2002	8	2.7	168	6261179	22179956
1	1	2002	9	5.1	327	6439153	22479229
1	1	2002	10	9.7	573	5903564	19805793
1	1	2003	0	0.0	0	1167353	3794901
1	1	2003	1	0.0	0	4538931	15191619
1	1	2003	2	0.0	0	5723028	19919840
1	1	2003	3	0.0	1	6218900	20056779
1	1	2003	4	0.1	5	5836843	19819518
1	1	2003	5	0.3	19	5843252	18257225
1	1	2003	6	0.6	32	5486864	17722067
1	1	2003	7	1.2	74	5983870	19511370
1	1	2003	8	2.8	171	6145730	22179956
1	1	2003	9	4.7	306	6454280	22479229
1	1	2003	10	9.7	583	6040156	19805793
1	1	2004	0	0.1	1	1172686	3794901
1	1	2004	1	0.0	0	4583485	15191619
1	1	2004	2	0.0	0	5643903	19919840
1	1	2004	3	0.0	2	6231354	20056779
1	1	2004	4	0.1	7	5936630	19819518
1	1	2004	5	0.4	25	5909181	18257225
1	1	2004	6	0.6	34	5573085	17722067
1	1	2004	7	1.3	76	5884695	19511370
1	1	2004	8	2.5	149	6049887	22179956
1	1	2004	9	4.5	292	6477140	22479229
1	1	2004	10	10.2	625	6131734	19805793
1	1	2005	0	0.0	0	1136051	3794901
1	1	2005	1	0.0	0	4486608	15191619
1	1	2005	2	0.0	0	5429324	19919840
1	1	2005	3	0.0	1	6007382	20056779
1	1	2005	4	0.2	9	5889330	19819518
1	1	2005	5	0.2	11	5736685	18257225
1	1	2005	6	0.7	37	5527856	17722067
1	1	2005	7	1.3	72	5591393	19511370
1	1	2005	8	2.6	155	5883370	22179956
1	1	2005	9	5.6	348	6249039	22479229
1	1	2005	10	9.7	588	6057136	19805793
1	1	2006	0	0.0	0	1160852	3794901
1	1	2006	1	0.0	0	4583974	15191619
1	1	2006	2	0.0	0	5572891	19919840
1	1	2006	3	0.0	1	6086664	20056779
1	1	2006	4	0.1	5	6154466	19819518
1	1	2006	5	0.3	18	5890891	18257225
1	1	2006	6	0.5	32	5818474	17722067
1	1	2006	7	1.4	79	5580486	19511370
1	1	2006	8	2.3	139	6044427	22179956
1	1	2006	9	5.9	374	6297825	22479229
1	1	2006	10	10.4	653	6285693	19805793
1	1	2007	0	0.0	0	1196660	3794901
1	1	2007	1	0.0	0	4594421	15191619
1	1	2007	2	0.0	0	5597032	19919840
1	1	2007	3	0.0	1	6014342	20056779
1	1	2007	4	0.1	5	6248052	19819518
1	1	2007	5	0.3	17	5901284	18257225
1	1	2007	6	0.6	36	5922782	17722067
1	1	2007	7	1.2	68	5536657	19511370
1	1	2007	8	2.5	153	6031588	22179956
1	1	2007	9	5.7	353	6174095	22479229
1	1	2007	10	10.2	641	6312614	19805793
1	1	2008	0	0.0	0	1195094	3794901
1	1	2008	1	0.0	0	4637301	15191619
1	1	2008	2	0.0	0	5656971	19919840
1	1	2008	3	0.0	1	5958739	20056779
1	1	2008	4	0.1	8	6304058	19819518
1	1	2008	5	0.4	22	5936553	18257225
1	1	2008	6	0.7	40	6016049	17722067
1	1	2008	7	1.3	70	5570024	19511370
1	1	2008	8	3.2	190	5979214	22179956
1	1	2008	9	5.7	343	6066838	22479229
1	1	2008	10	10.1	636	6327512	19805793
1	1	2009	0	0.0	0	1146548	3794901
1	1	2009	1	0.0	0	4664913	15191619
1	1	2009	2	0.0	0	5739367	19919840
1	1	2009	3	0.0	0	5925524	20056779
1	1	2009	4	0.1	9	6310686	19819518
1	1	2009	5	0.4	24	6010909	18257225
1	1	2009	6	0.9	57	6059001	17722067
1	1	2009	7	1.7	96	5662291	19511370
1	1	2009	8	2.7	161	5891266	22179956
1	1	2009	9	5.7	343	5973354	22479229
1	1	2009	10	11.2	713	6352974	19805793
1	1	2010	0	0.0	0	1133096	3794901
1	1	2010	1	0.0	0	4657004	15191619
1	1	2010	2	0.0	0	5796285	19919840
1	1	2010	3	0.0	1	5915019	20056779
1	1	2010	4	0.1	7	6255772	19819518
1	1	2010	5	0.3	19	6113218	18257225
1	1	2010	6	0.8	50	6059938	17722067
1	1	2010	7	1.7	100	5782020	19511370
1	1	2010	8	2.6	152	5768546	22179956
1	1	2010	9	6.3	377	5971942	22479229
1	1	2010	10	10.2	646	6304576	19805793
1	1	2011	0	0.0	0	1143721	3794901
1	1	2011	1	0.0	0	4637626	15191619
1	1	2011	2	0.0	0	5803527	19919840
1	1	2011	3	0.1	6	5906423	20056779
1	1	2011	4	0.2	11	6147140	19819518
1	1	2011	5	0.4	23	6278343	18257225
1	1	2011	6	0.9	56	6100594	17722067
1	1	2011	7	1.4	80	5904792	19511370
1	1	2011	8	2.8	160	5649994	22179956
1	1	2011	9	5.5	329	6014260	22479229
1	1	2011	10	10.4	644	6199093	19805793
1	1	2012	0	0.0	0	1125580	3794901
1	1	2012	1	0.0	0	4608080	15191619
1	1	2012	2	0.0	0	5847889	19919840
1	1	2012	3	0.1	4	5874869	20056779
1	1	2012	4	0.3	17	6060994	19819518
1	1	2012	5	0.5	32	6408605	18257225
1	1	2012	6	1.1	65	6127510	17722067
1	1	2012	7	1.8	108	6016053	19511370
1	1	2012	8	2.8	158	5630605	22179956
1	1	2012	9	6.0	359	6014087	22479229
1	1	2012	10	10.2	620	6094314	19805793
1	1	2013	0	0.0	0	1126675	3794901
1	1	2013	1	0.0	0	4565554	15191619
1	1	2013	2	0.0	2	5879676	19919840
1	1	2013	3	0.1	8	5861317	20056779
1	1	2013	4	0.4	24	5993951	19819518
1	1	2013	5	0.6	38	6473639	18257225
1	1	2013	6	0.8	48	6185941	17722067
1	1	2013	7	1.7	106	6117944	19511370
1	1	2013	8	2.5	140	5664590	22179956
1	1	2013	9	5.2	308	5966637	22479229
1	1	2013	10	10.7	642	5991529	19805793
1	1	2014	0	0.0	0	1127848	3794901
1	1	2014	1	0.0	0	4563759	15191619
1	1	2014	2	0.1	4	5859917	19919840
1	1	2014	3	0.2	14	5860705	20056779
1	1	2014	4	0.5	30	5941025	19819518
1	1	2014	5	0.6	39	6496974	18257225
1	1	2014	6	1.1	71	6311163	17722067
1	1	2014	7	1.9	118	6191431	19511370
1	1	2014	8	3.5	200	5736799	22179956
1	1	2014	9	6.0	351	5881834	22479229
1	1	2014	10	10.5	619	5916489	19805793
2	1	2000	0	0.0	0	1123953	3794901
2	1	2000	1	0.0	0	4493645	15191619
2	1	2000	2	0.0	0	6014762	19919840
2	1	2000	3	0.0	0	5906367	20056779
2	1	2000	4	0.1	7	5686059	19819518
2	1	2000	5	0.2	13	5432644	18257225
2	1	2000	6	0.7	42	5623783	17722067
2	1	2000	7	1.8	106	6010662	19511370
2	1	2000	8	3.0	191	6472872	22179956
2	1	2000	9	5.6	352	6317668	22479229
2	1	2000	10	10.6	592	5600622	19805793
2	1	2001	0	0.0	0	1173129	3794901
2	1	2001	1	0.0	0	4461077	15191619
2	1	2001	2	0.0	0	5921466	19919840
2	1	2001	3	0.1	4	6039438	20056779
2	1	2001	4	0.1	8	5724743	19819518
2	1	2001	5	0.3	17	5625901	18257225
2	1	2001	6	0.7	39	5510211	17722067
2	1	2001	7	1.5	88	6053687	19511370
2	1	2001	8	3.1	195	6381699	22179956
2	1	2001	9	5.5	353	6406429	22479229
2	1	2001	10	11.0	629	5741721	19805793
2	1	2002	0	0.0	0	1155177	3794901
2	1	2002	1	0.0	0	4501200	15191619
2	1	2002	2	0.0	0	5817114	19919840
2	1	2002	3	0.1	4	6150915	20056779
2	1	2002	4	0.1	5	5770911	19819518
2	1	2002	5	0.3	16	5762504	18257225
2	1	2002	6	0.8	46	5471944	17722067
2	1	2002	7	1.4	83	6047363	19511370
2	1	2002	8	3.4	211	6261179	22179956
2	1	2002	9	5.8	376	6439153	22479229
2	1	2002	10	10.0	593	5903564	19805793
2	1	2003	0	0.0	0	1167353	3794901
2	1	2003	1	0.0	0	4538931	15191619
2	1	2003	2	0.0	0	5723028	19919840
2	1	2003	3	0.0	1	6218900	20056779
2	1	2003	4	0.1	4	5836843	19819518
2	1	2003	5	0.2	14	5843252	18257225
2	1	2003	6	0.9	47	5486864	17722067
2	1	2003	7	1.8	105	5983870	19511370
2	1	2003	8	3.1	192	6145730	22179956
2	1	2003	9	5.9	378	6454280	22479229
2	1	2003	10	10.5	632	6040156	19805793
2	1	2004	0	0.0	0	1172686	3794901
2	1	2004	1	0.0	0	4583485	15191619
2	1	2004	2	0.0	0	5643903	19919840
2	1	2004	3	0.0	0	6231354	20056779
2	1	2004	4	0.1	6	5936630	19819518
2	1	2004	5	0.4	22	5909181	18257225
2	1	2004	6	0.7	38	5573085	17722067
2	1	2004	7	1.5	90	5884695	19511370
2	1	2004	8	3.5	210	6049887	22179956
2	1	2004	9	6.3	409	6477140	22479229
2	1	2004	10	11.0	677	6131734	19805793
2	1	2005	0	0.0	0	1136051	3794901
2	1	2005	1	0.0	0	4486608	15191619
2	1	2005	2	0.0	0	5429324	19919840
2	1	2005	3	0.0	0	6007382	20056779
2	1	2005	4	0.1	8	5889330	19819518
2	1	2005	5	0.3	20	5736685	18257225
2	1	2005	6	0.9	50	5527856	17722067
2	1	2005	7	1.8	101	5591393	19511370
2	1	2005	8	3.4	199	5883370	22179956
2	1	2005	9	5.9	366	6249039	22479229
2	1	2005	10	10.7	649	6057136	19805793
2	1	2006	0	0.0	0	1160852	3794901
2	1	2006	1	0.0	0	4583974	15191619
2	1	2006	2	0.0	0	5572891	19919840
2	1	2006	3	0.0	2	6086664	20056779
2	1	2006	4	0.1	5	6154466	19819518
2	1	2006	5	0.4	24	5890891	18257225
2	1	2006	6	0.8	47	5818474	17722067
2	1	2006	7	2.2	121	5580486	19511370
2	1	2006	8	3.1	189	6044427	22179956
2	1	2006	9	6.1	382	6297825	22479229
2	1	2006	10	10.7	674	6285693	19805793
2	1	2007	0	0.0	0	1196660	3794901
2	1	2007	1	0.0	0	4594421	15191619
2	1	2007	2	0.0	0	5597032	19919840
2	1	2007	3	0.0	1	6014342	20056779
2	1	2007	4	0.1	4	6248052	19819518
2	1	2007	5	0.4	22	5901284	18257225
2	1	2007	6	0.9	55	5922782	17722067
2	1	2007	7	1.7	96	5536657	19511370
2	1	2007	8	3.5	209	6031588	22179956
2	1	2007	9	6.6	405	6174095	22479229
2	1	2007	10	11.7	740	6312614	19805793
2	1	2008	0	0.1	1	1195094	3794901
2	1	2008	1	0.0	0	4637301	15191619
2	1	2008	2	0.0	0	5656971	19919840
2	1	2008	3	0.0	1	5958739	20056779
2	1	2008	4	0.1	8	6304058	19819518
2	1	2008	5	0.3	15	5936553	18257225
2	1	2008	6	0.8	49	6016049	17722067
2	1	2008	7	1.9	108	5570024	19511370
2	1	2008	8	3.6	217	5979214	22179956
2	1	2008	9	6.1	368	6066838	22479229
2	1	2008	10	10.8	686	6327512	19805793
2	1	2009	0	0.0	0	1146548	3794901
2	1	2009	1	0.0	0	4664913	15191619
2	1	2009	2	0.0	0	5739367	19919840
2	1	2009	3	0.0	1	5925524	20056779
2	1	2009	4	0.0	2	6310686	19819518
2	1	2009	5	0.3	21	6010909	18257225
2	1	2009	6	0.6	37	6059001	17722067
2	1	2009	7	1.9	105	5662291	19511370
2	1	2009	8	3.3	195	5891266	22179956
2	1	2009	9	6.4	384	5973354	22479229
2	1	2009	10	10.8	683	6352974	19805793
2	1	2010	0	0.0	0	1133096	3794901
2	1	2010	1	0.0	0	4657004	15191619
2	1	2010	2	0.0	0	5796285	19919840
2	1	2010	3	0.0	2	5915019	20056779
2	1	2010	4	0.2	10	6255772	19819518
2	1	2010	5	0.3	21	6113218	18257225
2	1	2010	6	0.8	50	6059938	17722067
2	1	2010	7	2.0	118	5782020	19511370
2	1	2010	8	3.3	192	5768546	22179956
2	1	2010	9	6.2	371	5971942	22479229
2	1	2010	10	11.7	740	6304576	19805793
2	1	2011	0	0.0	0	1143721	3794901
2	1	2011	1	0.0	0	4637626	15191619
2	1	2011	2	0.0	0	5803527	19919840
2	1	2011	3	0.0	1	5906423	20056779
2	1	2011	4	0.1	6	6147140	19819518
2	1	2011	5	0.4	23	6278343	18257225
2	1	2011	6	0.8	47	6100594	17722067
2	1	2011	7	1.7	99	5904792	19511370
2	1	2011	8	3.7	211	5649994	22179956
2	1	2011	9	6.8	407	6014260	22479229
2	1	2011	10	11.9	736	6199093	19805793
2	1	2012	0	0.0	0	1125580	3794901
2	1	2012	1	0.0	0	4608080	15191619
2	1	2012	2	0.0	0	5847889	19919840
2	1	2012	3	0.0	1	5874869	20056779
2	1	2012	4	0.1	8	6060994	19819518
2	1	2012	5	0.4	24	6408605	18257225
2	1	2012	6	0.8	51	6127510	17722067
2	1	2012	7	1.9	113	6016053	19511370
2	1	2012	8	3.6	205	5630605	22179956
2	1	2012	9	6.4	382	6014087	22479229
2	1	2012	10	11.7	711	6094314	19805793
2	1	2013	0	0.0	0	1126675	3794901
2	1	2013	1	0.0	0	4565554	15191619
2	1	2013	2	0.0	0	5879676	19919840
2	1	2013	3	0.1	5	5861317	20056779
2	1	2013	4	0.1	6	5993951	19819518
2	1	2013	5	0.2	16	6473639	18257225
2	1	2013	6	0.9	54	6185941	17722067
2	1	2013	7	2.1	129	6117944	19511370
2	1	2013	8	3.7	210	5664590	22179956
2	1	2013	9	6.8	404	5966637	22479229
2	1	2013	10	11.0	658	5991529	19805793
2	1	2014	0	0.0	0	1127848	3794901
2	1	2014	1	0.0	0	4563759	15191619
2	1	2014	2	0.0	1	5859917	19919840
2	1	2014	3	0.0	1	5860705	20056779
2	1	2014	4	0.2	12	5941025	19819518
2	1	2014	5	0.4	25	6496974	18257225
2	1	2014	6	1.0	62	6311163	17722067
2	1	2014	7	2.1	127	6191431	19511370
2	1	2014	8	4.3	246	5736799	22179956
2	1	2014	9	7.6	445	5881834	22479229
2	1	2014	10	12.1	715	5916489	19805793
3	1	2000	0	0.0	0	1123953	3794901
3	1	2000	1	0.0	0	4493645	15191619
3	1	2000	2	0.0	0	6014762	19919840
3	1	2000	3	0.0	0	5906367	20056779
3	1	2000	4	0.1	3	5686059	19819518
3	1	2000	5	0.1	6	5432644	18257225
3	1	2000	6	0.3	17	5623783	17722067
3	1	2000	7	0.7	45	6010662	19511370
3	1	2000	8	1.7	110	6472872	22179956
3	1	2000	9	3.5	223	6317668	22479229
3	1	2000	10	5.6	316	5600622	19805793
3	1	2001	0	0.0	0	1173129	3794901
3	1	2001	1	0.0	0	4461077	15191619
3	1	2001	2	0.0	0	5921466	19919840
3	1	2001	3	0.0	3	6039438	20056779
3	1	2001	4	0.1	4	5724743	19819518
3	1	2001	5	0.2	9	5625901	18257225
3	1	2001	6	0.4	21	5510211	17722067
3	1	2001	7	0.7	43	6053687	19511370
3	1	2001	8	1.7	110	6381699	22179956
3	1	2001	9	3.4	217	6406429	22479229
3	1	2001	10	6.6	377	5741721	19805793
3	1	2002	0	0.0	0	1155177	3794901
3	1	2002	1	0.0	0	4501200	15191619
3	1	2002	2	0.0	0	5817114	19919840
3	1	2002	3	0.0	1	6150915	20056779
3	1	2002	4	0.1	3	5770911	19819518
3	1	2002	5	0.2	11	5762504	18257225
3	1	2002	6	0.4	21	5471944	17722067
3	1	2002	7	0.9	52	6047363	19511370
3	1	2002	8	1.9	119	6261179	22179956
3	1	2002	9	3.3	213	6439153	22479229
3	1	2002	10	6.9	408	5903564	19805793
3	1	2003	0	0.0	0	1167353	3794901
3	1	2003	1	0.0	0	4538931	15191619
3	1	2003	2	0.0	0	5723028	19919840
3	1	2003	3	0.0	0	6218900	20056779
3	1	2003	4	0.1	7	5836843	19819518
3	1	2003	5	0.2	14	5843252	18257225
3	1	2003	6	0.3	19	5486864	17722067
3	1	2003	7	1.1	68	5983870	19511370
3	1	2003	8	1.7	105	6145730	22179956
3	1	2003	9	3.6	231	6454280	22479229
3	1	2003	10	6.8	411	6040156	19805793
3	1	2004	0	0.0	0	1172686	3794901
3	1	2004	1	0.0	0	4583485	15191619
3	1	2004	2	0.0	0	5643903	19919840
3	1	2004	3	0.0	1	6231354	20056779
3	1	2004	4	0.1	3	5936630	19819518
3	1	2004	5	0.3	15	5909181	18257225
3	1	2004	6	0.4	25	5573085	17722067
3	1	2004	7	0.9	54	5884695	19511370
3	1	2004	8	2.1	127	6049887	22179956
3	1	2004	9	3.2	207	6477140	22479229
3	1	2004	10	7.1	433	6131734	19805793
3	1	2005	0	0.0	0	1136051	3794901
3	1	2005	1	0.0	0	4486608	15191619
3	1	2005	2	0.0	0	5429324	19919840
3	1	2005	3	0.0	2	6007382	20056779
3	1	2005	4	0.1	6	5889330	19819518
3	1	2005	5	0.2	10	5736685	18257225
3	1	2005	6	0.7	36	5527856	17722067
3	1	2005	7	1.3	70	5591393	19511370
3	1	2005	8	1.9	114	5883370	22179956
3	1	2005	9	3.7	229	6249039	22479229
3	1	2005	10	7.5	452	6057136	19805793
3	1	2006	0	0.0	0	1160852	3794901
3	1	2006	1	0.0	0	4583974	15191619
3	1	2006	2	0.0	0	5572891	19919840
3	1	2006	3	0.0	1	6086664	20056779
3	1	2006	4	0.0	3	6154466	19819518
3	1	2006	5	0.3	15	5890891	18257225
3	1	2006	6	0.5	32	5818474	17722067
3	1	2006	7	1.1	64	5580486	19511370
3	1	2006	8	2.3	138	6044427	22179956
3	1	2006	9	4.3	268	6297825	22479229
3	1	2006	10	6.5	411	6285693	19805793
3	1	2007	0	0.0	0	1196660	3794901
3	1	2007	1	0.0	0	4594421	15191619
3	1	2007	2	0.0	0	5597032	19919840
3	1	2007	3	0.0	1	6014342	20056779
3	1	2007	4	0.1	7	6248052	19819518
3	1	2007	5	0.2	13	5901284	18257225
3	1	2007	6	0.4	25	5922782	17722067
3	1	2007	7	1.0	53	5536657	19511370
3	1	2007	8	2.0	121	6031588	22179956
3	1	2007	9	4.2	260	6174095	22479229
3	1	2007	10	7.4	465	6312614	19805793
3	1	2008	0	0.0	0	1195094	3794901
3	1	2008	1	0.0	0	4637301	15191619
3	1	2008	2	0.0	0	5656971	19919840
3	1	2008	3	0.0	0	5958739	20056779
3	1	2008	4	0.1	8	6304058	19819518
3	1	2008	5	0.2	11	5936553	18257225
3	1	2008	6	0.6	34	6016049	17722067
3	1	2008	7	1.1	62	5570024	19511370
3	1	2008	8	2.3	136	5979214	22179956
3	1	2008	9	4.6	279	6066838	22479229
3	1	2008	10	7.4	466	6327512	19805793
3	1	2009	0	0.0	0	1146548	3794901
3	1	2009	1	0.0	0	4664913	15191619
3	1	2009	2	0.0	0	5739367	19919840
3	1	2009	3	0.0	0	5925524	20056779
3	1	2009	4	0.1	4	6310686	19819518
3	1	2009	5	0.3	17	6010909	18257225
3	1	2009	6	0.5	28	6059001	17722067
3	1	2009	7	1.1	62	5662291	19511370
3	1	2009	8	2.3	133	5891266	22179956
3	1	2009	9	4.4	265	5973354	22479229
3	1	2009	10	8.0	511	6352974	19805793
3	1	2010	0	0.0	0	1133096	3794901
3	1	2010	1	0.0	0	4657004	15191619
3	1	2010	2	0.0	0	5796285	19919840
3	1	2010	3	0.0	0	5915019	20056779
3	1	2010	4	0.0	3	6255772	19819518
3	1	2010	5	0.2	12	6113218	18257225
3	1	2010	6	0.6	38	6059938	17722067
3	1	2010	7	1.1	62	5782020	19511370
3	1	2010	8	2.1	120	5768546	22179956
3	1	2010	9	4.2	252	5971942	22479229
3	1	2010	10	8.6	544	6304576	19805793
3	1	2011	0	0.0	0	1143721	3794901
3	1	2011	1	0.0	0	4637626	15191619
3	1	2011	2	0.0	0	5803527	19919840
3	1	2011	3	0.0	0	5906423	20056779
3	1	2011	4	0.0	2	6147140	19819518
3	1	2011	5	0.3	17	6278343	18257225
3	1	2011	6	0.8	48	6100594	17722067
3	1	2011	7	1.4	82	5904792	19511370
3	1	2011	8	2.6	147	5649994	22179956
3	1	2011	9	4.3	257	6014260	22479229
3	1	2011	10	8.1	505	6199093	19805793
3	1	2012	0	0.0	0	1125580	3794901
3	1	2012	1	0.0	0	4608080	15191619
3	1	2012	2	0.0	0	5847889	19919840
3	1	2012	3	0.0	0	5874869	20056779
3	1	2012	4	0.0	1	6060994	19819518
3	1	2012	5	0.3	19	6408605	18257225
3	1	2012	6	0.7	44	6127510	17722067
3	1	2012	7	1.2	73	6016053	19511370
3	1	2012	8	2.7	150	5630605	22179956
3	1	2012	9	4.2	254	6014087	22479229
3	1	2012	10	8.0	486	6094314	19805793
3	1	2013	0	0.0	0	1126675	3794901
3	1	2013	1	0.0	0	4565554	15191619
3	1	2013	2	0.0	0	5879676	19919840
3	1	2013	3	0.1	3	5861317	20056779
3	1	2013	4	0.1	5	5993951	19819518
3	1	2013	5	0.2	12	6473639	18257225
3	1	2013	6	0.6	40	6185941	17722067
3	1	2013	7	1.3	82	6117944	19511370
3	1	2013	8	2.9	166	5664590	22179956
3	1	2013	9	4.9	293	5966637	22479229
3	1	2013	10	8.6	513	5991529	19805793
3	1	2014	0	0.0	0	1127848	3794901
3	1	2014	1	0.0	0	4563759	15191619
3	1	2014	2	0.0	0	5859917	19919840
3	1	2014	3	0.0	1	5860705	20056779
3	1	2014	4	0.0	2	5941025	19819518
3	1	2014	5	0.2	13	6496974	18257225
3	1	2014	6	0.7	47	6311163	17722067
3	1	2014	7	1.8	111	6191431	19511370
3	1	2014	8	2.6	148	5736799	22179956
3	1	2014	9	4.8	285	5881834	22479229
3	1	2014	10	8.6	506	5916489	19805793
