Stage	Sex	Year of Diagnosis	Age Group	Age-Adjusted Rate	Count	Population	Std Pop
1	Male	2000	0	0.0	0	575919	3794901
1	Female	2000	0	0.0	0	548034	3794901
1	Male	2000	1	0.0	0	2298193	15191619
1	Female	2000	1	0.0	0	2195452	15191619
1	Male	2000	2	0.0	0	3080921	19919840
1	Female	2000	2	0.0	0	2933841	19919840
1	Male	2000	3	0.0	0	3025979	20056779
1	Female	2000	3	0.0	0	2880388	20056779
1	Male	2000	4	0.1	3	2933994	19819518
1	Female	2000	4	0.0	0	2752065	19819518
1	Male	2000	5	0.2	6	2799544	18257225
1	Female	2000	5	0.2	4	2633100	18257225
1	Male	2000	6	0.6	17	2862625	17722067
1	Female	2000	6	0.6	16	2761158	17722067
1	Male	2000	7	1.3	41	3045979	19511370
1	Female	2000	7	1.5	43	2964683	19511370
1	Male	2000	8	2.8	90	3246492	22179956
1	Female	2000	8	2.4	76	3226380	22179956
1	Male	2000	9	4.9	155	3143783	22479229
1	Female	2000	9	4.8	152	3173885	22479229
1	Male	2000	10	11.7	322	2756927	19805793
1	Female	2000	10	9.2	261	2843695	19805793
1	Male	2000	11	23.6	564	2390689	17224359
1	Female	2000	11	18.3	457	2496861	17224359
1	Male	2000	12	39.0	689	1766119	13307234
1	Female	2000	12	25.0	469	1876056	13307234
1	Male	2000	13	65.8	889	1350089	10654272
1	Female	2000	13	40.1	596	1485874	10654272
1	Male	2000	14	99.9	1121	1122586	9409940
1	Female	2000	14	65.4	861	1315536	9409940
1	Male	2000	15	122.5	1210	987830	8725574
1	Female	2000	15	82.4	1040	1262258	8725574
1	Male	2000	16	168.8	1330	787725	7414559
1	Female	2000	16	115.7	1302	1125138	7414559
1	Male	2000	17	189.0	905	478789	4900234
1	Female	2000	17	133.4	1057	792310	4900234
1	Male	2000	18	192.0	615	320392	4259173
1	Female	2000	18	138.8	1049	755524	4259173
1	Male	2001	0	0.0	0	599904	3794901
1	Female	2001	0	0.0	0	573225	3794901
1	Male	2001	1	0.0	0	2282027	15191619
1	Female	2001	1	0.0	0	2179050	15191619
1	Male	2001	2	0.0	0	3032266	19919840
1	Female	2001	2	0.0	0	2889200	19919840
1	Male	2001	3	0.0	0	3093951	20056779
1	Female	2001	3	0.0	1	2945487	20056779
1	Male	2001	4	0.1	2	2961407	19819518
1	Female	2001	4	0.0	0	2763336	19819518
1	Male	2001	5	0.2	5	2897135	18257225
1	Female	2001	5	0.4	10	2728766	18257225
1	Male	2001	6	0.5	15	2804821	17722067
1	Female	2001	6	0.6	16	2705390	17722067
1	Male	2001	7	1.4	42	3065063	19511370
1	Female	2001	7	1.1	32	2988624	19511370
1	Male	2001	8	2.6	83	3204342	22179956
1	Female	2001	8	2.2	70	3177357	22179956
1	Male	2001	9	5.0	159	3189745	22479229
1	Female	2001	9	4.9	157	3216684	22479229
1	Male	2001	10	11.1	314	2829602	19805793
1	Female	2001	10	8.9	260	2912119	19805793
1	Male	2001	11	24.0	601	2506606	17224359
1	Female	2001	11	18.3	479	2619352	17224359
1	Male	2001	12	39.1	715	1827690	13307234
1	Female	2001	12	26.9	523	1942931	13307234
1	Male	2001	13	65.7	912	1389105	10654272
1	Female	2001	13	39.9	608	1524996	10654272
1	Male	2001	14	98.4	1111	1129524	9409940
1	Female	2001	14	64.4	850	1318960	9409940
1	Male	2001	15	129.0	1277	989757	8725574
1	Female	2001	15	84.7	1060	1251372	8725574
1	Male	2001	16	166.9	1319	790247	7414559
1	Female	2001	16	113.6	1278	1125309	7414559
1	Male	2001	17	179.2	897	500490	4900234
1	Female	2001	17	123.5	1010	818123	4900234
1	Male	2001	18	209.6	689	328783	4259173
1	Female	2001	18	136.5	1044	765071	4259173
1	Male	2002	0	0.0	0	589710	3794901
1	Female	2002	0	0.0	0	565467	3794901
1	Male	2002	1	0.0	0	2302459	15191619
1	Female	2002	1	0.0	0	2198741	15191619
1	Male	2002	2	0.0	1	2978638	19919840
1	Female	2002	2	0.0	0	2838476	19919840
1	Male	2002	3	0.0	0	3150143	20056779
1	Female	2002	3	0.0	1	3000772	20056779
1	Male	2002	4	0.1	2	2984818	19819518
1	Female	2002	4	0.1	3	2786093	19819518
1	Male	2002	5	0.2	5	2965505	18257225
1	Female	2002	5	0.1	4	2796999	18257225
1	Male	2002	6	0.5	13	2781653	17722067
1	Female	2002	6	0.5	13	2690291	17722067
1	Male	2002	7	1.4	42	3059136	19511370
1	Female	2002	7	1.5	44	2988227	19511370
1	Male	2002	8	3.0	93	3140557	22179956
1	Female	2002	8	2.4	75	3120622	22179956
1	Male	2002	9	5.2	166	3207480	22479229
1	Female	2002	9	5.0	161	3231673	22479229
1	Male	2002	10	10.0	290	2911473	19805793
1	Female	2002	10	9.5	283	2992091	19805793
1	Male	2002	11	25.3	637	2513170	17224359
1	Female	2002	11	19.9	523	2627578	17224359
1	Male	2002	12	41.0	814	1985879	13307234
1	Female	2002	12	25.9	545	2108282	13307234
1	Male	2002	13	61.7	891	1444771	10654272
1	Female	2002	13	39.3	622	1582611	10654272
1	Male	2002	14	93.6	1069	1142257	9409940
1	Female	2002	14	61.3	814	1328517	9409940
1	Male	2002	15	127.6	1259	986920	8725574
1	Female	2002	15	84.2	1041	1237007	8725574
1	Male	2002	16	157.9	1250	791847	7414559
1	Female	2002	16	112.4	1262	1122423	7414559
1	Male	2002	17	176.2	919	521554	4900234
1	Female	2002	17	134.8	1137	843176	4900234
1	Male	2002	18	184.3	623	338078	4259173
1	Female	2002	18	139.8	1083	774881	4259173
1	Male	2003	0	0.0	0	597416	3794901
1	Female	2003	0	0.0	0	569937	3794901
1	Male	2003	1	0.0	0	2320222	15191619
1	Female	2003	1	0.0	0	2218709	15191619
1	Male	2003	2	0.0	0	2928348	19919840
1	Female	2003	2	0.0	0	2794680	19919840
1	Male	2003	3	0.0	0	3185783	20056779
1	Female	2003	3	0.0	1	3033117	20056779
1	Male	2003	4	0.0	1	3013055	19819518
1	Female	2003	4	0.1	4	2823788	19819518
1	Male	2003	5	0.3	9	2999362	18257225
1	Female	2003	5	0.4	10	2843890	18257225
1	Male	2003	6	0.6	17	2782231	17722067
1	Female	2003	6	0.6	15	2704633	17722067
1	Male	2003	7	1.2	36	3018949	19511370
1	Female	2003	7	1.3	38	2964921	19511370
1	Male	2003	8	3.2	100	3079866	22179956
1	Female	2003	8	2.3	71	3065864	22179956
1	Male	2003	9	4.7	152	3211591	22479229
1	Female	2003	9	4.7	154	3242689	22479229
1	Male	2003	10	10.4	311	2982780	19805793
1	Female	2003	10	8.9	272	3057376	19805793
1	Male	2003	11	26.7	684	2561004	17224359
1	Female	2003	11	18.1	485	2679682	17224359
1	Male	2003	12	38.1	791	2077558	13307234
1	Female	2003	12	26.8	591	2206031	13307234
1	Male	2003	13	59.7	913	1528167	10654272
1	Female	2003	13	39.1	653	1670693	10654272
1	Male	2003	14	91.9	1075	1169972	9409940
1	Female	2003	14	60.6	820	1354029	9409940
1	Male	2003	15	122.0	1199	982763	8725574
1	Female	2003	15	77.8	953	1224180	8725574
1	Male	2003	16	153.0	1217	795261	7414559
1	Female	2003	16	107.6	1204	1118748	7414559
1	Male	2003	17	175.7	943	536639	4900234
1	Female	2003	17	128.1	1103	861296	4900234
1	Male	2003	18	181.9	640	351832	4259173
1	Female	2003	18	133.3	1054	790792	4259173
1	Male	2004	0	0.2	1	598427	3794901
1	Female	2004	0	0.0	0	574259	3794901
1	Male	2004	1	0.0	0	2343022	15191619
1	Female	2004	1	0.0	0	2240463	15191619
1	Male	2004	2	0.0	0	2886210	19919840
1	Female	2004	2	0.0	0	2757693	19919840
1	Male	2004	3	0.1	2	3192788	20056779
1	Female	2004	3	0.0	0	3038566	20056779
1	Male	2004	4	0.1	4	3062053	19819518
1	Female	2004	4	0.1	3	2874577	19819518
1	Male	2004	5	0.3	8	3042914	18257225
1	Female	2004	5	0.6	17	2866267	18257225
1	Male	2004	6	0.7	19	2824098	17722067
1	Female	2004	6	0.5	15	2748987	17722067
1	Male	2004	7	1.2	35	2967704	19511370
1	Female	2004	7	1.4	41	2916991	19511370
1	Male	2004	8	2.3	71	3034156	22179956
1	Female	2004	8	2.6	78	3015731	22179956
1	Male	2004	9	4.6	149	3223156	22479229
1	Female	2004	9	4.4	143	3253984	22479229
1	Male	2004	10	11.1	336	3030315	19805793
1	Female	2004	10	9.3	289	3101419	19805793
1	Male	2004	11	25.3	665	2625180	17224359
1	Female	2004	11	21.7	594	2742842	17224359
1	Male	2004	12	36.8	802	2178589	13307234
1	Female	2004	12	25.0	580	2315943	13307234
1	Male	2004	13	58.2	927	1592002	10654272
1	Female	2004	13	35.9	624	1740347	10654272
1	Male	2004	14	86.7	1042	1201227	9409940
1	Female	2004	14	59.9	828	1381841	9409940
1	Male	2004	15	114.5	1119	976963	8725574
1	Female	2004	15	77.0	933	1212040	8725574
1	Male	2004	16	150.7	1195	793179	7414559
1	Female	2004	16	102.0	1127	1104912	7414559
1	Male	2004	17	164.5	908	551878	4900234
1	Female	2004	17	130.5	1149	880359	4900234
1	Male	2004	18	174.7	634	362894	4259173
1	Female	2004	18	119.1	955	801609	4259173
1	Male	2005	0	0.0	0	581022	3794901
1	Female	2005	0	0.0	0	555029	3794901
1	Male	2005	1	0.0	0	2291523	15191619
1	Female	2005	1	0.0	0	2195086	15191619
1	Male	2005	2	0.0	0	2776935	19919840
1	Female	2005	2	0.0	0	2652390	19919840
1	Male	2005	3	0.0	0	3077005	20056779
1	Female	2005	3	0.0	1	2930377	20056779
1	Male	2005	4	0.1	4	3037439	19819518
1	Female	2005	4	0.2	5	2851892	19819518
1	Male	2005	5	0.2	5	2966425	18257225
1	Female	2005	5	0.2	6	2770261	18257225
1	Male	2005	6	0.7	20	2795697	17722067
1	Female	2005	6	0.6	17	2732159	17722067
1	Male	2005	7	1.1	31	2817762	19511370
1	Female	2005	7	1.5	41	2773631	19511370
1	Male	2005	8	2.7	79	2950087	22179956
1	Female	2005	8	2.6	76	2933283	22179956
1	Male	2005	9	5.7	178	3111393	22479229
1	Female	2005	9	5.4	170	3137646	22479229
1	Male	2005	10	10.3	308	2996181	19805793
1	Female	2005	10	9.1	280	3060955	19805793
1	Male	2005	11	26.9	704	2616692	17224359
1	Female	2005	11	21.1	576	2727068	17224359
1	Male	2005	12	37.7	840	2230717	13307234
1	Female	2005	12	27.4	649	2370116	13307234
1	Male	2005	13	57.7	924	1602648	10654272
1	Female	2005	13	38.9	680	1748116	10654272
1	Male	2005	14	85.1	1016	1194275	9409940
1	Female	2005	14	54.6	747	1367622	9409940
1	Male	2005	15	114.0	1085	951777	8725574
1	Female	2005	15	78.8	925	1173159	8725574
1	Male	2005	16	141.9	1102	776760	7414559
1	Female	2005	16	98.7	1051	1065371	7414559
1	Male	2005	17	170.1	932	547960	4900234
1	Female	2005	17	115.5	1002	867643	4900234
1	Male	2005	18	161.5	603	373391	4259173
1	Female	2005	18	129.9	1048	806910	4259173
1	Male	2006	0	0.0	0	593708	3794901
1	Female	2006	0	0.0	0	567144	3794901
1	Male	2006	1	0.0	0	2341286	15191619
1	Female	2006	1	0.0	0	2242688	15191619
1	Male	2006	2	0.0	0	2849398	19919840
1	Female	2006	2	0.0	0	2723493	19919840
1	Male	2006	3	0.0	0	3116501	20056779
1	Female	2006	3	0.0	1	2970163	20056779
1	Male	2006	4	0.1	2	3169678	19819518
1	Female	2006	4	0.1	3	2984788	19819518
1	Male	2006	5	0.2	5	3050266	18257225
1	Female	2006	5	0.5	13	2840625	18257225
1	Male	2006	6	0.6	19	2939151	17722067
1	Female	2006	6	0.5	13	2879323	17722067
1	Male	2006	7	1.5	43	2810860	19511370
1	Female	2006	7	1.3	36	2769626	19511370
1	Male	2006	8	2.4	72	3025622	22179956
1	Female	2006	8	2.2	67	3018805	22179956
1	Male	2006	9	6.4	201	3137662	22479229
1	Female	2006	9	5.5	173	3160163	22479229
1	Male	2006	10	11.6	360	3110827	19805793
1	Female	2006	10	9.2	293	3174866	19805793
1	Male	2006	11	25.5	704	2755714	17224359
1	Female	2006	11	21.4	615	2867859	17224359
1	Male	2006	12	36.7	880	2397315	13307234
1	Female	2006	12	22.8	581	2549195	13307234
1	Male	2006	13	53.3	908	1702090	10654272
1	Female	2006	13	36.2	672	1857877	10654272
1	Male	2006	14	88.4	1116	1262047	9409940
1	Female	2006	14	59.3	854	1441194	9409940
1	Male	2006	15	120.5	1185	983745	8725574
1	Female	2006	15	72.5	876	1208529	8725574
1	Male	2006	16	142.0	1137	800825	7414559
1	Female	2006	16	98.7	1071	1084967	7414559
1	Male	2006	17	153.5	867	564776	4900234
1	Female	2006	17	120.2	1071	890804	4900234
1	Male	2006	18	153.5	617	401935	4259173
1	Female	2006	18	118.5	1012	854042	4259173
1	Male	2007	0	0.0	0	612468	3794901
1	Female	2007	0	0.0	0	584192	3794901
1	Male	2007	1	0.0	0	2348109	15191619
1	Female	2007	1	0.0	0	2246312	15191619
1	Male	2007	2	0.0	0	2860839	19919840
1	Female	2007	2	0.0	0	2736193	19919840
1	Male	2007	3	0.0	0	3080047	20056779
1	Female	2007	3	0.0	1	2934295	20056779
1	Male	2007	4	0.1	3	3215423	19819518
1	Female	2007	4	0.1	2	3032629	19819518
1	Male	2007	5	0.3	9	3054081	18257225
1	Female	2007	5	0.3	8	2847203	18257225
1	Male	2007	6	0.5	15	2991760	17722067
1	Female	2007	6	0.7	21	2931022	17722067
1	Male	2007	7	1.2	33	2786372	19511370
1	Female	2007	7	1.3	35	2750285	19511370
1	Male	2007	8	2.9	87	3017191	22179956
1	Female	2007	8	2.2	66	3014397	22179956
1	Male	2007	9	6.0	183	3074201	22479229
1	Female	2007	9	5.5	170	3099894	22479229
1	Male	2007	10	10.8	338	3125909	19805793
1	Female	2007	10	9.5	303	3186705	19805793
1	Male	2007	11	28.2	801	2835421	17224359
1	Female	2007	11	22.5	662	2948400	17224359
1	Male	2007	12	38.8	932	2401058	13307234
1	Female	2007	12	25.1	642	2557235	13307234
1	Male	2007	13	54.7	1014	1853435	10654272
1	Female	2007	13	35.0	706	2017874	10654272
1	Male	2007	14	90.8	1194	1314657	9409940
1	Female	2007	14	56.9	851	1496313	9409940
1	Male	2007	15	114.3	1139	996130	8725574
1	Female	2007	15	77.0	937	1217432	8725574
1	Male	2007	16	131.4	1053	801187	7414559
1	Female	2007	16	97.3	1045	1074296	7414559
1	Male	2007	17	151.3	862	569632	4900234
1	Female	2007	17	110.6	987	892143	4900234
1	Male	2007	18	150.5	637	423307	4259173
1	Female	2007	18	117.9	1041	882629	4259173
1	Male	2008	0	0.0	0	610596	3794901
1	Female	2008	0	0.0	0	584498	3794901
1	Male	2008	1	0.0	0	2370461	15191619
1	Female	2008	1	0.0	0	2266840	15191619
1	Male	2008	2	0.0	0	2891717	19919840
1	Female	2008	2	0.0	0	2765254	19919840
1	Male	2008	3	0.0	0	3050006	20056779
1	Female	2008	3	0.0	1	2908733	20056779
1	Male	2008	4	0.2	5	3243139	19819518
1	Female	2008	4	0.1	3	3060919	19819518
1	Male	2008	5	0.3	9	3066283	18257225
1	Female	2008	5	0.5	13	2870270	18257225
1	Male	2008	6	0.7	20	3044368	17722067
1	Female	2008	6	0.7	20	2971681	17722067
1	Male	2008	7	1.4	39	2803366	19511370
1	Female	2008	7	1.1	31	2766658	19511370
1	Male	2008	8	3.5	105	2986309	22179956
1	Female	2008	8	2.8	85	2992905	22179956
1	Male	2008	9	5.5	166	3023271	22479229
1	Female	2008	9	5.8	177	3043567	22479229
1	Male	2008	10	11.7	366	3131305	19805793
1	Female	2008	10	8.4	270	3196207	19805793
1	Male	2008	11	28.0	814	2908698	17224359
1	Female	2008	11	22.6	681	3016673	17224359
1	Male	2008	12	35.6	874	2451765	13307234
1	Female	2008	12	25.1	655	2613707	13307234
1	Male	2008	13	54.0	1049	1943338	10654272
1	Female	2008	13	31.5	665	2112190	10654272
1	Male	2008	14	80.2	1118	1394739	9409940
1	Female	2008	14	55.7	882	1582692	9409940
1	Male	2008	15	108.0	1104	1021943	8725574
1	Female	2008	15	75.0	930	1240085	8725574
1	Male	2008	16	135.9	1088	800676	7414559
1	Female	2008	16	96.8	1030	1063806	7414559
1	Male	2008	17	153.0	880	575269	4900234
1	Female	2008	17	113.7	1014	891766	4900234
1	Male	2008	18	150.1	666	443599	4259173
1	Female	2008	18	118.5	1078	909484	4259173
1	Male	2009	0	0.0	0	585573	3794901
1	Female	2009	0	0.0	0	560975	3794901
1	Male	2009	1	0.0	0	2385515	15191619
1	Female	2009	1	0.0	0	2279398	15191619
1	Male	2009	2	0.0	0	2931909	19919840
1	Female	2009	2	0.0	0	2807458	19919840
1	Male	2009	3	0.0	0	3031579	20056779
1	Female	2009	3	0.0	0	2893945	20056779
1	Male	2009	4	0.2	5	3245554	19819518
1	Female	2009	4	0.1	4	3065132	19819518
1	Male	2009	5	0.4	11	3100804	18257225
1	Female	2009	5	0.4	13	2910105	18257225
1	Male	2009	6	0.8	25	3074983	17722067
1	Female	2009	6	1.1	32	2984018	17722067
1	Male	2009	7	1.9	55	2848607	19511370
1	Female	2009	7	1.5	41	2813684	19511370
1	Male	2009	8	2.9	85	2939622	22179956
1	Female	2009	8	2.6	76	2951644	22179956
1	Male	2009	9	5.9	175	2978263	22479229
1	Female	2009	9	5.6	168	2995091	22479229
1	Male	2009	10	11.5	363	3144431	19805793
1	Female	2009	10	10.9	350	3208543	19805793
1	Male	2009	11	30.1	891	2959637	17224359
1	Female	2009	11	22.3	683	3066740	17224359
1	Male	2009	12	36.7	925	2518596	13307234
1	Female	2009	12	25.2	676	2684152	13307234
1	Male	2009	13	50.7	1038	2047922	10654272
1	Female	2009	13	32.2	716	2225830	10654272
1	Male	2009	14	76.3	1114	1459621	9409940
1	Female	2009	14	50.2	831	1655243	9409940
1	Male	2009	15	101.6	1070	1053320	8725574
1	Female	2009	15	67.8	860	1268624	8725574
1	Male	2009	16	120.6	966	800923	7414559
1	Female	2009	16	91.1	963	1057660	7414559
1	Male	2009	17	135.2	783	579227	4900234
1	Female	2009	17	106.5	944	886153	4900234
1	Male	2009	18	140.9	653	463492	4259173
1	Female	2009	18	106.4	999	938740	4259173
1	Male	2010	0	0.0	0	578496	3794901
1	Female	2010	0	0.0	0	554600	3794901
1	Male	2010	1	0.0	0	2380505	15191619
1	Female	2010	1	0.0	0	2276499	15191619
1	Male	2010	2	0.0	0	2959804	19919840
1	Female	2010	2	0.0	0	2836481	19919840
1	Male	2010	3	0.0	0	3026588	20056779
1	Female	2010	3	0.0	1	2888431	20056779
1	Male	2010	4	0.1	2	3215196	19819518
1	Female	2010	4	0.2	5	3040576	19819518
1	Male	2010	5	0.3	10	3145199	18257225
1	Female	2010	5	0.3	9	2968019	18257225
1	Male	2010	6	0.8	25	3078847	17722067
1	Female	2010	6	0.8	25	2981091	17722067
1	Male	2010	7	1.7	49	2905613	19511370
1	Female	2010	7	1.8	51	2876407	19511370
1	Male	2010	8	2.2	62	2874412	22179956
1	Female	2010	8	3.1	90	2894134	22179956
1	Male	2010	9	6.2	184	2977587	22479229
1	Female	2010	9	6.4	193	2994355	22479229
1	Male	2010	10	9.9	309	3120951	19805793
1	Female	2010	10	10.6	337	3183625	19805793
1	Male	2010	11	27.5	830	3014076	17224359
1	Female	2010	11	22.5	701	3119565	17224359
1	Male	2010	12	32.5	843	2592217	13307234
1	Female	2010	12	24.4	674	2758842	13307234
1	Male	2010	13	47.3	1022	2162456	10654272
1	Female	2010	13	30.7	721	2348886	10654272
1	Male	2010	14	68.9	1047	1520564	9409940
1	Female	2010	14	48.5	833	1719033	9409940
1	Male	2010	15	96.3	1042	1082127	8725574
1	Female	2010	15	67.1	870	1296752	8725574
1	Male	2010	16	110.3	890	806799	7414559
1	Female	2010	16	79.4	839	1057313	7414559
1	Male	2010	17	123.8	729	588996	4900234
1	Female	2010	17	96.0	849	884436	4900234
1	Male	2010	18	129.2	624	482812	4259173
1	Female	2010	18	93.4	904	968249	4259173
1	Male	2011	0	0.0	0	585569	3794901
1	Female	2011	0	0.0	0	558152	3794901
1	Male	2011	1	0.0	0	2368672	15191619
1	Female	2011	1	0.0	0	2268954	15191619
1	Male	2011	2	0.0	0	2963830	19919840
1	Female	2011	2	0.0	0	2839697	19919840
1	Male	2011	3	0.0	0	3020128	20056779
1	Female	2011	3	0.2	6	2886295	20056779
1	Male	2011	4	0.2	7	3161046	19819518
1	Female	2011	4	0.1	4	2986094	19819518
1	Male	2011	5	0.3	11	3229068	18257225
1	Female	2011	5	0.4	12	3049275	18257225
1	Male	2011	6	0.7	21	3108598	17722067
1	Female	2011	6	1.2	35	2991996	17722067
1	Male	2011	7	1.2	37	2969073	19511370
1	Female	2011	7	1.5	43	2935719	19511370
1	Male	2011	8	2.8	79	2816889	22179956
1	Female	2011	8	2.9	81	2833105	22179956
1	Male	2011	9	5.7	172	2995491	22479229
1	Female	2011	9	5.2	157	3018769	22479229
1	Male	2011	10	11.0	338	3071432	19805793
1	Female	2011	10	9.8	306	3127661	19805793
1	Male	2011	11	26.5	806	3047056	17224359
1	Female	2011	11	22.1	696	3150547	17224359
1	Male	2011	12	29.4	783	2662079	13307234
1	Female	2011	12	21.9	619	2828851	13307234
1	Male	2011	13	43.0	973	2261867	10654272
1	Female	2011	13	29.2	720	2463662	10654272
1	Male	2011	14	66.2	1045	1577669	9409940
1	Female	2011	14	46.4	825	1779537	9409940
1	Male	2011	15	89.6	1002	1118182	8725574
1	Female	2011	15	62.5	835	1335718	8725574
1	Male	2011	16	107.4	879	818205	7414559
1	Female	2011	16	78.1	831	1064205	7414559
1	Male	2011	17	119.1	711	596823	4900234
1	Female	2011	17	95.4	841	881961	4900234
1	Male	2011	18	118.7	595	501275	4259173
1	Female	2011	18	97.4	966	991326	4259173
1	Male	2012	0	0.0	0	574852	3794901
1	Female	2012	0	0.0	0	550728	3794901
1	Male	2012	1	0.0	0	2354121	15191619
1	Female	2012	1	0.0	0	2253959	15191619
1	Male	2012	2	0.0	0	2986829	19919840
1	Female	2012	2	0.0	0	2861060	19919840
1	Male	2012	3	0.1	2	3002865	20056779
1	Female	2012	3	0.1	2	2872004	20056779
1	Male	2012	4	0.1	3	3112682	19819518
1	Female	2012	4	0.5	14	2948312	19819518
1	Male	2012	5	0.4	13	3297976	18257225
1	Female	2012	5	0.6	19	3110629	18257225
1	Male	2012	6	0.8	25	3130294	17722067
1	Female	2012	6	1.3	40	2997216	17722067
1	Male	2012	7	1.7	52	3028777	19511370
1	Female	2012	7	1.9	56	2987276	19511370
1	Male	2012	8	2.6	72	2807973	22179956
1	Female	2012	8	3.0	86	2822632	22179956
1	Male	2012	9	6.2	185	2993638	22479229
1	Female	2012	9	5.8	174	3020449	22479229
1	Male	2012	10	10.5	318	3020812	19805793
1	Female	2012	10	9.8	302	3073502	19805793
1	Male	2012	11	28.0	855	3056907	17224359
1	Female	2012	11	22.6	715	3158654	17224359
1	Male	2012	12	33.4	915	2738397	13307234
1	Female	2012	12	21.0	611	2905442	13307234
1	Male	2012	13	40.9	928	2266213	10654272
1	Female	2012	13	29.0	716	2473130	10654272
1	Male	2012	14	66.9	1150	1718992	9409940
1	Female	2012	14	42.9	829	1931510	9409940
1	Male	2012	15	80.9	946	1168835	8725574
1	Female	2012	15	60.4	840	1390723	8725574
1	Male	2012	16	99.6	830	833118	7414559
1	Female	2012	16	82.0	882	1075643	7414559
1	Male	2012	17	115.2	694	602301	4900234
1	Female	2012	17	94.0	825	877733	4900234
1	Male	2012	18	112.0	584	521250	4259173
1	Female	2012	18	90.1	916	1016347	4259173
1	Male	2013	0	0.0	0	575827	3794901
1	Female	2013	0	0.0	0	550848	3794901
1	Male	2013	1	0.0	0	2331961	15191619
1	Female	2013	1	0.0	0	2233593	15191619
1	Male	2013	2	0.0	1	3003618	19919840
1	Female	2013	2	0.0	1	2876058	19919840
1	Male	2013	3	0.2	5	2993355	20056779
1	Female	2013	3	0.1	3	2867962	20056779
1	Male	2013	4	0.5	14	3073384	19819518
1	Female	2013	4	0.3	10	2920567	19819518
1	Male	2013	5	0.6	19	3336246	18257225
1	Female	2013	5	0.6	19	3137393	18257225
1	Male	2013	6	0.7	23	3164319	17722067
1	Female	2013	6	0.8	25	3021622	17722067
1	Male	2013	7	1.6	50	3083248	19511370
1	Female	2013	7	1.8	56	3034696	19511370
1	Male	2013	8	2.5	70	2828975	22179956
1	Female	2013	8	2.5	70	2835615	22179956
1	Male	2013	9	4.6	137	2964988	22479229
1	Female	2013	9	5.7	171	3001649	22479229
1	Male	2013	10	10.9	325	2972214	19805793
1	Female	2013	10	10.5	317	3019315	19805793
1	Male	2013	11	27.0	828	3063313	17224359
1	Female	2013	11	21.1	667	3163431	17224359
1	Male	2013	12	30.0	840	2799965	13307234
1	Female	2013	12	22.1	654	2964547	13307234
1	Male	2013	13	41.3	953	2308303	10654272
1	Female	2013	13	28.9	730	2522786	10654272
1	Male	2013	14	63.3	1141	1801396	9409940
1	Female	2013	14	42.1	851	2023066	9409940
1	Male	2013	15	78.9	980	1241943	8725574
1	Female	2013	15	56.0	825	1472128	8725574
1	Male	2013	16	92.6	794	857787	7414559
1	Female	2013	16	75.7	833	1100108	7414559
1	Male	2013	17	111.4	675	605757	4900234
1	Female	2013	17	96.5	842	872777	4900234
1	Male	2013	18	107.7	580	538389	4259173
1	Female	2013	18	84.3	872	1034550	4259173
1	Male	2014	0	0.0	0	577066	3794901
1	Female	2014	0	0.0	0	550782	3794901
1	Male	2014	1	0.0	0	2331862	15191619
1	Female	2014	1	0.0	0	2231897	15191619
1	Male	2014	2	0.1	3	2993348	19919840
1	Female	2014	2	0.0	1	2866569	19919840
1	Male	2014	3	0.1	4	2990428	20056779
1	Female	2014	3	0.3	10	2870277	20056779
1	Male	2014	4	0.5	15	3043781	19819518
1	Female	2014	4	0.5	15	2897244	19819518
1	Male	2014	5	0.5	17	3351507	18257225
1	Female	2014	5	0.7	22	3145467	18257225
1	Male	2014	6	1.2	38	3230789	17722067
1	Female	2014	6	1.1	33	3080374	17722067
1	Male	2014	7	1.6	50	3123902	19511370
1	Female	2014	7	2.2	68	3067529	19511370
1	Male	2014	8	3.4	97	2867036	22179956
1	Female	2014	8	3.6	103	2869763	22179956
1	Male	2014	9	6.5	190	2920859	22479229
1	Female	2014	9	5.4	161	2960975	22479229
1	Male	2014	10	10.5	309	2936245	19805793
1	Female	2014	10	10.4	310	2980244	19805793
1	Male	2014	11	29.9	918	3067513	17224359
1	Female	2014	11	24.4	773	3168356	17224359
1	Male	2014	12	32.3	919	2845110	13307234
1	Female	2014	12	23.8	714	3005194	13307234
1	Male	2014	13	42.6	1008	2367057	10654272
1	Female	2014	13	28.7	744	2588425	10654272
1	Male	2014	14	61.3	1159	1890121	9409940
1	Female	2014	14	43.5	924	2124217	9409940
1	Male	2014	15	73.7	958	1299605	8725574
1	Female	2014	15	53.1	818	1539053	8725574
1	Male	2014	16	93.9	834	888200	7414559
1	Female	2014	16	70.0	792	1131035	7414559
1	Male	2014	17	104.4	636	609007	4900234
1	Female	2014	17	86.7	754	869447	4900234
1	Male	2014	18	105.9	588	555031	4259173
1	Female	2014	18	78.2	823	1052322	4259173
2	Male	2000	0	0.0	0	575919	3794901
2	Female	2000	0	0.0	0	548034	3794901
2	Male	2000	1	0.0	0	2298193	15191619
2	Female	2000	1	0.0	0	2195452	15191619
2	Male	2000	2	0.0	0	3080921	19919840
2	Female	2000	2	0.0	0	2933841	19919840
2	Male	2000	3	0.0	0	3025979	20056779
2	Female	2000	3	0.0	0	2880388	20056779
2	Male	2000	4	0.1	4	2933994	19819518
2	Female	2000	4	0.1	3	2752065	19819518
2	Male	2000	5	0.3	8	2799544	18257225
2	Female	2000	5	0.2	5	2633100	18257225
2	Male	2000	6	0.8	24	2862625	17722067
2	Female	2000	6	0.7	18	2761158	17722067
2	Male	2000	7	2.0	61	3045979	19511370
2	Female	2000	7	1.5	45	2964683	19511370
2	Male	2000	8	3.6	117	3246492	22179956
2	Female	2000	8	2.3	74	3226380	22179956
2	Male	2000	9	6.4	202	3143783	22479229
2	Female	2000	9	4.7	150	3173885	22479229
2	Male	2000	10	12.6	347	2756927	19805793
2	Female	2000	10	8.6	245	2843695	19805793
2	Male	2000	11	21.0	502	2390689	17224359
2	Female	2000	11	16.6	415	2496861	17224359
2	Male	2000	12	33.7	595	1766119	13307234
2	Female	2000	12	26.4	496	1876056	13307234
2	Male	2000	13	58.1	784	1350089	10654272
2	Female	2000	13	42.9	638	1485874	10654272
2	Male	2000	14	88.0	988	1122586	9409940
2	Female	2000	14	59.1	778	1315536	9409940
2	Male	2000	15	115.3	1139	987830	8725574
2	Female	2000	15	82.3	1039	1262258	8725574
2	Male	2000	16	140.0	1103	787725	7414559
2	Female	2000	16	104.9	1180	1125138	7414559
2	Male	2000	17	164.6	788	478789	4900234
2	Female	2000	17	131.5	1042	792310	4900234
2	Male	2000	18	177.6	569	320392	4259173
2	Female	2000	18	145.3	1098	755524	4259173
2	Male	2001	0	0.0	0	599904	3794901
2	Female	2001	0	0.0	0	573225	3794901
2	Male	2001	1	0.0	0	2282027	15191619
2	Female	2001	1	0.0	0	2179050	15191619
2	Male	2001	2	0.0	0	3032266	19919840
2	Female	2001	2	0.0	0	2889200	19919840
2	Male	2001	3	0.1	2	3093951	20056779
2	Female	2001	3	0.1	2	2945487	20056779
2	Male	2001	4	0.2	5	2961407	19819518
2	Female	2001	4	0.1	3	2763336	19819518
2	Male	2001	5	0.4	11	2897135	18257225
2	Female	2001	5	0.2	6	2728766	18257225
2	Male	2001	6	0.7	21	2804821	17722067
2	Female	2001	6	0.7	18	2705390	17722067
2	Male	2001	7	1.7	53	3065063	19511370
2	Female	2001	7	1.2	35	2988624	19511370
2	Male	2001	8	3.7	117	3204342	22179956
2	Female	2001	8	2.5	78	3177357	22179956
2	Male	2001	9	6.0	192	3189745	22479229
2	Female	2001	9	5.0	161	3216684	22479229
2	Male	2001	10	11.1	313	2829602	19805793
2	Female	2001	10	10.9	316	2912119	19805793
2	Male	2001	11	21.9	548	2506606	17224359
2	Female	2001	11	16.2	424	2619352	17224359
2	Male	2001	12	37.6	687	1827690	13307234
2	Female	2001	12	24.6	477	1942931	13307234
2	Male	2001	13	55.6	773	1389105	10654272
2	Female	2001	13	39.5	603	1524996	10654272
2	Male	2001	14	84.5	954	1129524	9409940
2	Female	2001	14	59.5	785	1318960	9409940
2	Male	2001	15	113.4	1122	989757	8725574
2	Female	2001	15	75.6	946	1251372	8725574
2	Male	2001	16	142.9	1129	790247	7414559
2	Female	2001	16	107.9	1214	1125309	7414559
2	Male	2001	17	158.2	792	500490	4900234
2	Female	2001	17	133.1	1089	818123	4900234
2	Male	2001	18	176.1	579	328783	4259173
2	Female	2001	18	143.1	1095	765071	4259173
2	Male	2002	0	0.0	0	589710	3794901
2	Female	2002	0	0.0	0	565467	3794901
2	Male	2002	1	0.0	0	2302459	15191619
2	Female	2002	1	0.0	0	2198741	15191619
2	Male	2002	2	0.0	0	2978638	19919840
2	Female	2002	2	0.0	0	2838476	19919840
2	Male	2002	3	0.1	2	3150143	20056779
2	Female	2002	3	0.1	2	3000772	20056779
2	Male	2002	4	0.0	1	2984818	19819518
2	Female	2002	4	0.1	4	2786093	19819518
2	Male	2002	5	0.3	10	2965505	18257225
2	Female	2002	5	0.2	6	2796999	18257225
2	Male	2002	6	0.9	25	2781653	17722067
2	Female	2002	6	0.8	21	2690291	17722067
2	Male	2002	7	1.7	53	3059136	19511370
2	Female	2002	7	1.0	30	2988227	19511370
2	Male	2002	8	3.5	110	3140557	22179956
2	Female	2002	8	3.2	101	3120622	22179956
2	Male	2002	9	6.5	207	3207480	22479229
2	Female	2002	9	5.2	169	3231673	22479229
2	Male	2002	10	10.1	294	2911473	19805793
2	Female	2002	10	10.0	299	2992091	19805793
2	Male	2002	11	22.4	564	2513170	17224359
2	Female	2002	11	16.7	440	2627578	17224359
2	Male	2002	12	34.4	683	1985879	13307234
2	Female	2002	12	23.7	500	2108282	13307234
2	Male	2002	13	53.4	771	1444771	10654272
2	Female	2002	13	37.3	591	1582611	10654272
2	Male	2002	14	78.8	900	1142257	9409940
2	Female	2002	14	56.8	755	1328517	9409940
2	Male	2002	15	108.6	1072	986920	8725574
2	Female	2002	15	80.4	994	1237007	8725574
2	Male	2002	16	132.6	1050	791847	7414559
2	Female	2002	16	102.5	1150	1122423	7414559
2	Male	2002	17	154.2	804	521554	4900234
2	Female	2002	17	132.4	1116	843176	4900234
2	Male	2002	18	168.0	568	338078	4259173
2	Female	2002	18	123.6	958	774881	4259173
2	Male	2003	0	0.0	0	597416	3794901
2	Female	2003	0	0.0	0	569937	3794901
2	Male	2003	1	0.0	0	2320222	15191619
2	Female	2003	1	0.0	0	2218709	15191619
2	Male	2003	2	0.0	0	2928348	19919840
2	Female	2003	2	0.0	0	2794680	19919840
2	Male	2003	3	0.0	0	3185783	20056779
2	Female	2003	3	0.0	1	3033117	20056779
2	Male	2003	4	0.1	2	3013055	19819518
2	Female	2003	4	0.1	2	2823788	19819518
2	Male	2003	5	0.3	8	2999362	18257225
2	Female	2003	5	0.2	6	2843890	18257225
2	Male	2003	6	1.0	28	2782231	17722067
2	Female	2003	6	0.7	19	2704633	17722067
2	Male	2003	7	2.2	67	3018949	19511370
2	Female	2003	7	1.3	38	2964921	19511370
2	Male	2003	8	3.2	100	3079866	22179956
2	Female	2003	8	3.0	92	3065864	22179956
2	Male	2003	9	6.2	198	3211591	22479229
2	Female	2003	9	5.6	180	3242689	22479229
2	Male	2003	10	11.7	350	2982780	19805793
2	Female	2003	10	9.2	282	3057376	19805793
2	Male	2003	11	20.9	534	2561004	17224359
2	Female	2003	11	16.8	449	2679682	17224359
2	Male	2003	12	32.5	675	2077558	13307234
2	Female	2003	12	24.3	537	2206031	13307234
2	Male	2003	13	51.1	781	1528167	10654272
2	Female	2003	13	35.1	586	1670693	10654272
2	Male	2003	14	80.4	941	1169972	9409940
2	Female	2003	14	55.2	748	1354029	9409940
2	Male	2003	15	108.2	1063	982763	8725574
2	Female	2003	15	74.1	907	1224180	8725574
2	Male	2003	16	129.1	1027	795261	7414559
2	Female	2003	16	102.7	1149	1118748	7414559
2	Male	2003	17	146.5	786	536639	4900234
2	Female	2003	17	123.3	1062	861296	4900234
2	Male	2003	18	150.6	530	351832	4259173
2	Female	2003	18	126.8	1003	790792	4259173
2	Male	2004	0	0.0	0	598427	3794901
2	Female	2004	0	0.0	0	574259	3794901
2	Male	2004	1	0.0	0	2343022	15191619
2	Female	2004	1	0.0	0	2240463	15191619
2	Male	2004	2	0.0	0	2886210	19919840
2	Female	2004	2	0.0	0	2757693	19919840
2	Male	2004	3	0.0	0	3192788	20056779
2	Female	2004	3	0.0	0	3038566	20056779
2	Male	2004	4	0.1	4	3062053	19819518
2	Female	2004	4	0.1	2	2874577	19819518
2	Male	2004	5	0.4	12	3042914	18257225
2	Female	2004	5	0.3	10	2866267	18257225
2	Male	2004	6	0.7	21	2824098	17722067
2	Female	2004	6	0.6	17	2748987	17722067
2	Male	2004	7	1.5	45	2967704	19511370
2	Female	2004	7	1.5	45	2916991	19511370
2	Male	2004	8	4.0	121	3034156	22179956
2	Female	2004	8	3.0	89	3015731	22179956
2	Male	2004	9	6.8	220	3223156	22479229
2	Female	2004	9	5.8	189	3253984	22479229
2	Male	2004	10	12.4	377	3030315	19805793
2	Female	2004	10	9.7	300	3101419	19805793
2	Male	2004	11	21.9	574	2625180	17224359
2	Female	2004	11	17.1	468	2742842	17224359
2	Male	2004	12	33.1	721	2178589	13307234
2	Female	2004	12	22.6	523	2315943	13307234
2	Male	2004	13	46.4	739	1592002	10654272
2	Female	2004	13	33.2	578	1740347	10654272
2	Male	2004	14	77.0	925	1201227	9409940
2	Female	2004	14	53.8	744	1381841	9409940
2	Male	2004	15	103.6	1012	976963	8725574
2	Female	2004	15	71.5	867	1212040	8725574
2	Male	2004	16	114.7	910	793179	7414559
2	Female	2004	16	89.1	984	1104912	7414559
2	Male	2004	17	147.9	816	551878	4900234
2	Female	2004	17	112.6	991	880359	4900234
2	Male	2004	18	144.7	525	362894	4259173
2	Female	2004	18	124.0	994	801609	4259173
2	Male	2005	0	0.0	0	581022	3794901
2	Female	2005	0	0.0	0	555029	3794901
2	Male	2005	1	0.0	0	2291523	15191619
2	Female	2005	1	0.0	0	2195086	15191619
2	Male	2005	2	0.0	0	2776935	19919840
2	Female	2005	2	0.0	0	2652390	19919840
2	Male	2005	3	0.0	0	3077005	20056779
2	Female	2005	3	0.0	0	2930377	20056779
2	Male	2005	4	0.2	5	3037439	19819518
2	Female	2005	4	0.1	3	2851892	19819518
2	Male	2005	5	0.4	11	2966425	18257225
2	Female	2005	5	0.3	9	2770261	18257225
2	Male	2005	6	0.9	26	2795697	17722067
2	Female	2005	6	0.9	24	2732159	17722067
2	Male	2005	7	1.8	51	2817762	19511370
2	Female	2005	7	1.8	50	2773631	19511370
2	Male	2005	8	3.9	116	2950087	22179956
2	Female	2005	8	2.8	83	2933283	22179956
2	Male	2005	9	6.2	193	3111393	22479229
2	Female	2005	9	5.5	173	3137646	22479229
2	Male	2005	10	12.2	367	2996181	19805793
2	Female	2005	10	9.2	282	3060955	19805793
2	Male	2005	11	20.7	542	2616692	17224359
2	Female	2005	11	15.8	430	2727068	17224359
2	Male	2005	12	33.0	736	2230717	13307234
2	Female	2005	12	22.0	522	2370116	13307234
2	Male	2005	13	47.0	754	1602648	10654272
2	Female	2005	13	31.2	546	1748116	10654272
2	Male	2005	14	72.9	871	1194275	9409940
2	Female	2005	14	52.1	712	1367622	9409940
2	Male	2005	15	88.2	839	951777	8725574
2	Female	2005	15	65.2	765	1173159	8725574
2	Male	2005	16	125.4	974	776760	7414559
2	Female	2005	16	89.9	958	1065371	7414559
2	Male	2005	17	136.1	746	547960	4900234
2	Female	2005	17	109.5	950	867643	4900234
2	Male	2005	18	134.7	503	373391	4259173
2	Female	2005	18	117.6	949	806910	4259173
2	Male	2006	0	0.0	0	593708	3794901
2	Female	2006	0	0.0	0	567144	3794901
2	Male	2006	1	0.0	0	2341286	15191619
2	Female	2006	1	0.0	0	2242688	15191619
2	Male	2006	2	0.0	0	2849398	19919840
2	Female	2006	2	0.0	0	2723493	19919840
2	Male	2006	3	0.0	1	3116501	20056779
2	Female	2006	3	0.0	1	2970163	20056779
2	Male	2006	4	0.0	1	3169678	19819518
2	Female	2006	4	0.1	4	2984788	19819518
2	Male	2006	5	0.4	13	3050266	18257225
2	Female	2006	5	0.4	11	2840625	18257225
2	Male	2006	6	0.7	22	2939151	17722067
2	Female	2006	6	0.9	25	2879323	17722067
2	Male	2006	7	1.9	54	2810860	19511370
2	Female	2006	7	2.4	67	2769626	19511370
2	Male	2006	8	3.7	113	3025622	22179956
2	Female	2006	8	2.5	76	3018805	22179956
2	Male	2006	9	6.4	201	3137662	22479229
2	Female	2006	9	5.7	181	3160163	22479229
2	Male	2006	10	11.3	352	3110827	19805793
2	Female	2006	10	10.1	322	3174866	19805793
2	Male	2006	11	20.6	569	2755714	17224359
2	Female	2006	11	15.6	447	2867859	17224359
2	Male	2006	12	30.8	738	2397315	13307234
2	Female	2006	12	23.4	597	2549195	13307234
2	Male	2006	13	44.8	762	1702090	10654272
2	Female	2006	13	31.5	585	1857877	10654272
2	Male	2006	14	65.9	832	1262047	9409940
2	Female	2006	14	50.1	722	1441194	9409940
2	Male	2006	15	86.4	850	983745	8725574
2	Female	2006	15	66.4	803	1208529	8725574
2	Male	2006	16	111.4	892	800825	7414559
2	Female	2006	16	85.2	924	1084967	7414559
2	Male	2006	17	126.6	715	564776	4900234
2	Female	2006	17	114.7	1022	890804	4900234
2	Male	2006	18	133.1	535	401935	4259173
2	Female	2006	18	108.8	929	854042	4259173
2	Male	2007	0	0.0	0	612468	3794901
2	Female	2007	0	0.0	0	584192	3794901
2	Male	2007	1	0.0	0	2348109	15191619
2	Female	2007	1	0.0	0	2246312	15191619
2	Male	2007	2	0.0	0	2860839	19919840
2	Female	2007	2	0.0	0	2736193	19919840
2	Male	2007	3	0.0	1	3080047	20056779
2	Female	2007	3	0.0	0	2934295	20056779
2	Male	2007	4	0.1	3	3215423	19819518
2	Female	2007	4	0.0	1	3032629	19819518
2	Male	2007	5	0.6	17	3054081	18257225
2	Female	2007	5	0.2	5	2847203	18257225
2	Male	2007	6	0.9	28	2991760	17722067
2	Female	2007	6	0.9	27	2931022	17722067
2	Male	2007	7	1.9	53	2786372	19511370
2	Female	2007	7	1.6	43	2750285	19511370
2	Male	2007	8	3.4	103	3017191	22179956
2	Female	2007	8	3.5	106	3014397	22179956
2	Male	2007	9	6.8	209	3074201	22479229
2	Female	2007	9	6.3	196	3099894	22479229
2	Male	2007	10	13.1	411	3125909	19805793
2	Female	2007	10	10.3	329	3186705	19805793
2	Male	2007	11	20.9	593	2835421	17224359
2	Female	2007	11	17.6	519	2948400	17224359
2	Male	2007	12	31.8	763	2401058	13307234
2	Female	2007	12	22.5	575	2557235	13307234
2	Male	2007	13	44.2	819	1853435	10654272
2	Female	2007	13	32.0	646	2017874	10654272
2	Male	2007	14	69.9	919	1314657	9409940
2	Female	2007	14	47.0	703	1496313	9409940
2	Male	2007	15	87.8	875	996130	8725574
2	Female	2007	15	62.6	762	1217432	8725574
2	Male	2007	16	106.5	853	801187	7414559
2	Female	2007	16	83.2	894	1074296	7414559
2	Male	2007	17	126.4	720	569632	4900234
2	Female	2007	17	99.5	888	892143	4900234
2	Male	2007	18	126.9	537	423307	4259173
2	Female	2007	18	108.3	956	882629	4259173
2	Male	2008	0	0.0	0	610596	3794901
2	Female	2008	0	0.2	1	584498	3794901
2	Male	2008	1	0.0	0	2370461	15191619
2	Female	2008	1	0.0	0	2266840	15191619
2	Male	2008	2	0.0	0	2891717	19919840
2	Female	2008	2	0.0	0	2765254	19919840
2	Male	2008	3	0.0	0	3050006	20056779
2	Female	2008	3	0.0	1	2908733	20056779
2	Male	2008	4	0.1	4	3243139	19819518
2	Female	2008	4	0.1	4	3060919	19819518
2	Male	2008	5	0.3	10	3066283	18257225
2	Female	2008	5	0.2	5	2870270	18257225
2	Male	2008	6	1.1	35	3044368	17722067
2	Female	2008	6	0.5	14	2971681	17722067
2	Male	2008	7	2.1	59	2803366	19511370
2	Female	2008	7	1.8	49	2766658	19511370
2	Male	2008	8	3.1	94	2986309	22179956
2	Female	2008	8	4.1	123	2992905	22179956
2	Male	2008	9	6.7	202	3023271	22479229
2	Female	2008	9	5.5	166	3043567	22479229
2	Male	2008	10	12.6	394	3131305	19805793
2	Female	2008	10	9.1	292	3196207	19805793
2	Male	2008	11	21.0	612	2908698	17224359
2	Female	2008	11	17.3	523	3016673	17224359
2	Male	2008	12	29.9	732	2451765	13307234
2	Female	2008	12	22.3	582	2613707	13307234
2	Male	2008	13	41.1	798	1943338	10654272
2	Female	2008	13	26.9	568	2112190	10654272
2	Male	2008	14	66.8	932	1394739	9409940
2	Female	2008	14	40.9	648	1582692	9409940
2	Male	2008	15	86.3	882	1021943	8725574
2	Female	2008	15	58.9	731	1240085	8725574
2	Male	2008	16	102.2	818	800676	7414559
2	Female	2008	16	83.1	884	1063806	7414559
2	Male	2008	17	122.6	705	575269	4900234
2	Female	2008	17	104.1	928	891766	4900234
2	Male	2008	18	119.9	532	443599	4259173
2	Female	2008	18	111.5	1014	909484	4259173
2	Male	2009	0	0.0	0	585573	3794901
2	Female	2009	0	0.0	0	560975	3794901
2	Male	2009	1	0.0	0	2385515	15191619
2	Female	2009	1	0.0	0	2279398	15191619
2	Male	2009	2	0.0	0	2931909	19919840
2	Female	2009	2	0.0	0	2807458	19919840
2	Male	2009	3	0.0	0	3031579	20056779
2	Female	2009	3	0.0	1	2893945	20056779
2	Male	2009	4	0.0	1	3245554	19819518
2	Female	2009	4	0.0	1	3065132	19819518
2	Male	2009	5	0.5	14	3100804	18257225
2	Female	2009	5	0.2	7	2910105	18257225
2	Male	2009	6	0.6	18	3074983	17722067
2	Female	2009	6	0.6	19	2984018	17722067
2	Male	2009	7	2.2	64	2848607	19511370
2	Female	2009	7	1.5	41	2813684	19511370
2	Male	2009	8	3.2	93	2939622	22179956
2	Female	2009	8	3.5	102	2951644	22179956
2	Male	2009	9	6.8	204	2978263	22479229
2	Female	2009	9	6.0	180	2995091	22479229
2	Male	2009	10	11.8	371	3144431	19805793
2	Female	2009	10	9.7	312	3208543	19805793
2	Male	2009	11	22.3	660	2959637	17224359
2	Female	2009	11	17.1	525	3066740	17224359
2	Male	2009	12	26.7	673	2518596	13307234
2	Female	2009	12	20.2	542	2684152	13307234
2	Male	2009	13	41.0	840	2047922	10654272
2	Female	2009	13	28.8	640	2225830	10654272
2	Male	2009	14	57.8	844	1459621	9409940
2	Female	2009	14	41.4	686	1655243	9409940
2	Male	2009	15	78.6	828	1053320	8725574
2	Female	2009	15	57.6	731	1268624	8725574
2	Male	2009	16	98.4	788	800923	7414559
2	Female	2009	16	80.2	848	1057660	7414559
2	Male	2009	17	113.9	660	579227	4900234
2	Female	2009	17	97.8	867	886153	4900234
2	Male	2009	18	117.4	544	463492	4259173
2	Female	2009	18	101.6	954	938740	4259173
2	Male	2010	0	0.0	0	578496	3794901
2	Female	2010	0	0.0	0	554600	3794901
2	Male	2010	1	0.0	0	2380505	15191619
2	Female	2010	1	0.0	0	2276499	15191619
2	Male	2010	2	0.0	0	2959804	19919840
2	Female	2010	2	0.0	0	2836481	19919840
2	Male	2010	3	0.0	1	3026588	20056779
2	Female	2010	3	0.0	1	2888431	20056779
2	Male	2010	4	0.2	6	3215196	19819518
2	Female	2010	4	0.1	4	3040576	19819518
2	Male	2010	5	0.4	13	3145199	18257225
2	Female	2010	5	0.3	8	2968019	18257225
2	Male	2010	6	0.8	25	3078847	17722067
2	Female	2010	6	0.8	25	2981091	17722067
2	Male	2010	7	2.3	66	2905613	19511370
2	Female	2010	7	1.8	52	2876407	19511370
2	Male	2010	8	3.4	99	2874412	22179956
2	Female	2010	8	3.2	93	2894134	22179956
2	Male	2010	9	7.0	209	2977587	22479229
2	Female	2010	9	5.4	162	2994355	22479229
2	Male	2010	10	12.3	384	3120951	19805793
2	Female	2010	10	11.2	356	3183625	19805793
2	Male	2010	11	20.3	612	3014076	17224359
2	Female	2010	11	17.5	547	3119565	17224359
2	Male	2010	12	27.3	707	2592217	13307234
2	Female	2010	12	19.9	549	2758842	13307234
2	Male	2010	13	39.3	850	2162456	10654272
2	Female	2010	13	27.7	651	2348886	10654272
2	Male	2010	14	56.0	851	1520564	9409940
2	Female	2010	14	36.8	633	1719033	9409940
2	Male	2010	15	77.4	838	1082127	8725574
2	Female	2010	15	53.1	688	1296752	8725574
2	Male	2010	16	87.6	707	806799	7414559
2	Female	2010	16	73.0	772	1057313	7414559
2	Male	2010	17	108.3	638	588996	4900234
2	Female	2010	17	92.0	814	884436	4900234
2	Male	2010	18	119.1	575	482812	4259173
2	Female	2010	18	93.8	908	968249	4259173
2	Male	2011	0	0.0	0	585569	3794901
2	Female	2011	0	0.0	0	558152	3794901
2	Male	2011	1	0.0	0	2368672	15191619
2	Female	2011	1	0.0	0	2268954	15191619
2	Male	2011	2	0.0	0	2963830	19919840
2	Female	2011	2	0.0	0	2839697	19919840
2	Male	2011	3	0.0	0	3020128	20056779
2	Female	2011	3	0.0	1	2886295	20056779
2	Male	2011	4	0.1	4	3161046	19819518
2	Female	2011	4	0.1	2	2986094	19819518
2	Male	2011	5	0.4	14	3229068	18257225
2	Female	2011	5	0.3	9	3049275	18257225
2	Male	2011	6	0.6	20	3108598	17722067
2	Female	2011	6	0.9	27	2991996	17722067
2	Male	2011	7	1.8	54	2969073	19511370
2	Female	2011	7	1.5	45	2935719	19511370
2	Male	2011	8	4.3	122	2816889	22179956
2	Female	2011	8	3.1	89	2833105	22179956
2	Male	2011	9	7.6	229	2995491	22479229
2	Female	2011	9	5.9	178	3018769	22479229
2	Male	2011	10	12.8	394	3071432	19805793
2	Female	2011	10	10.9	342	3127661	19805793
2	Male	2011	11	20.0	609	3047056	17224359
2	Female	2011	11	15.7	494	3150547	17224359
2	Male	2011	12	26.9	715	2662079	13307234
2	Female	2011	12	18.7	529	2828851	13307234
2	Male	2011	13	38.7	876	2261867	10654272
2	Female	2011	13	27.0	664	2463662	10654272
2	Male	2011	14	49.6	782	1577669	9409940
2	Female	2011	14	38.3	682	1779537	9409940
2	Male	2011	15	71.7	802	1118182	8725574
2	Female	2011	15	53.5	715	1335718	8725574
2	Male	2011	16	87.0	712	818205	7414559
2	Female	2011	16	68.3	727	1064205	7414559
2	Male	2011	17	104.9	626	596823	4900234
2	Female	2011	17	88.7	782	881961	4900234
2	Male	2011	18	107.5	539	501275	4259173
2	Female	2011	18	93.2	924	991326	4259173
2	Male	2012	0	0.0	0	574852	3794901
2	Female	2012	0	0.0	0	550728	3794901
2	Male	2012	1	0.0	0	2354121	15191619
2	Female	2012	1	0.0	0	2253959	15191619
2	Male	2012	2	0.0	0	2986829	19919840
2	Female	2012	2	0.0	0	2861060	19919840
2	Male	2012	3	0.0	0	3002865	20056779
2	Female	2012	3	0.0	1	2872004	20056779
2	Male	2012	4	0.1	2	3112682	19819518
2	Female	2012	4	0.2	6	2948312	19819518
2	Male	2012	5	0.5	17	3297976	18257225
2	Female	2012	5	0.2	7	3110629	18257225
2	Male	2012	6	0.9	29	3130294	17722067
2	Female	2012	6	0.7	22	2997216	17722067
2	Male	2012	7	1.7	51	3028777	19511370
2	Female	2012	7	2.1	62	2987276	19511370
2	Male	2012	8	3.6	101	2807973	22179956
2	Female	2012	8	3.7	104	2822632	22179956
2	Male	2012	9	6.4	191	2993638	22479229
2	Female	2012	9	6.3	191	3020449	22479229
2	Male	2012	10	12.3	371	3020812	19805793
2	Female	2012	10	11.1	340	3073502	19805793
2	Male	2012	11	22.4	684	3056907	17224359
2	Female	2012	11	16.7	528	3158654	17224359
2	Male	2012	12	26.7	731	2738397	13307234
2	Female	2012	12	19.5	567	2905442	13307234
2	Male	2012	13	39.3	891	2266213	10654272
2	Female	2012	13	24.7	611	2473130	10654272
2	Male	2012	14	55.4	953	1718992	9409940
2	Female	2012	14	35.0	676	1931510	9409940
2	Male	2012	15	72.0	841	1168835	8725574
2	Female	2012	15	51.5	716	1390723	8725574
2	Male	2012	16	80.1	667	833118	7414559
2	Female	2012	16	66.6	716	1075643	7414559
2	Male	2012	17	107.6	648	602301	4900234
2	Female	2012	17	81.7	717	877733	4900234
2	Male	2012	18	97.6	509	521250	4259173
2	Female	2012	18	88.9	904	1016347	4259173
2	Male	2013	0	0.0	0	575827	3794901
2	Female	2013	0	0.0	0	550848	3794901
2	Male	2013	1	0.0	0	2331961	15191619
2	Female	2013	1	0.0	0	2233593	15191619
2	Male	2013	2	0.0	0	3003618	19919840
2	Female	2013	2	0.0	0	2876058	19919840
2	Male	2013	3	0.1	2	2993355	20056779
2	Female	2013	3	0.1	3	2867962	20056779
2	Male	2013	4	0.1	3	3073384	19819518
2	Female	2013	4	0.1	3	2920567	19819518
2	Male	2013	5	0.2	8	3336246	18257225
2	Female	2013	5	0.3	8	3137393	18257225
2	Male	2013	6	0.9	27	3164319	17722067
2	Female	2013	6	0.9	27	3021622	17722067
2	Male	2013	7	2.3	72	3083248	19511370
2	Female	2013	7	1.9	57	3034696	19511370
2	Male	2013	8	4.1	117	2828975	22179956
2	Female	2013	8	3.3	93	2835615	22179956
2	Male	2013	9	7.6	224	2964988	22479229
2	Female	2013	9	6.0	180	3001649	22479229
2	Male	2013	10	12.6	375	2972214	19805793
2	Female	2013	10	9.4	283	3019315	19805793
2	Male	2013	11	21.6	662	3063313	17224359
2	Female	2013	11	16.5	522	3163431	17224359
2	Male	2013	12	27.8	779	2799965	13307234
2	Female	2013	12	18.1	538	2964547	13307234
2	Male	2013	13	37.0	855	2308303	10654272
2	Female	2013	13	24.9	628	2522786	10654272
2	Male	2013	14	51.1	920	1801396	9409940
2	Female	2013	14	36.2	732	2023066	9409940
2	Male	2013	15	63.3	786	1241943	8725574
2	Female	2013	15	45.5	670	1472128	8725574
2	Male	2013	16	78.0	669	857787	7414559
2	Female	2013	16	57.4	632	1100108	7414559
2	Male	2013	17	97.1	588	605757	4900234
2	Female	2013	17	79.9	697	872777	4900234
2	Male	2013	18	99.0	533	538389	4259173
2	Female	2013	18	81.6	844	1034550	4259173
2	Male	2014	0	0.0	0	577066	3794901
2	Female	2014	0	0.0	0	550782	3794901
2	Male	2014	1	0.0	0	2331862	15191619
2	Female	2014	1	0.0	0	2231897	15191619
2	Male	2014	2	0.0	0	2993348	19919840
2	Female	2014	2	0.0	1	2866569	19919840
2	Male	2014	3	0.0	1	2990428	20056779
2	Female	2014	3	0.0	0	2870277	20056779
2	Male	2014	4	0.1	4	3043781	19819518
2	Female	2014	4	0.3	8	2897244	19819518
2	Male	2014	5	0.4	13	3351507	18257225
2	Female	2014	5	0.4	12	3145467	18257225
2	Male	2014	6	1.1	37	3230789	17722067
2	Female	2014	6	0.8	25	3080374	17722067
2	Male	2014	7	2.4	75	3123902	19511370
2	Female	2014	7	1.7	52	3067529	19511370
2	Male	2014	8	4.8	138	2867036	22179956
2	Female	2014	8	3.8	108	2869763	22179956
2	Male	2014	9	7.7	225	2920859	22479229
2	Female	2014	9	7.4	220	2960975	22479229
2	Male	2014	10	13.0	381	2936245	19805793
2	Female	2014	10	11.2	334	2980244	19805793
2	Male	2014	11	22.0	676	3067513	17224359
2	Female	2014	11	16.1	509	3168356	17224359
2	Male	2014	12	28.3	806	2845110	13307234
2	Female	2014	12	20.7	622	3005194	13307234
2	Male	2014	13	38.8	918	2367057	10654272
2	Female	2014	13	26.2	678	2588425	10654272
2	Male	2014	14	48.1	910	1890121	9409940
2	Female	2014	14	33.9	720	2124217	9409940
2	Male	2014	15	60.1	781	1299605	8725574
2	Female	2014	15	43.0	662	1539053	8725574
2	Male	2014	16	77.1	685	888200	7414559
2	Female	2014	16	58.2	658	1131035	7414559
2	Male	2014	17	84.9	517	609007	4900234
2	Female	2014	17	71.5	622	869447	4900234
2	Male	2014	18	93.3	518	555031	4259173
2	Female	2014	18	78.4	825	1052322	4259173
3	Male	2000	0	0.0	0	575919	3794901
3	Female	2000	0	0.0	0	548034	3794901
3	Male	2000	1	0.0	0	2298193	15191619
3	Female	2000	1	0.0	0	2195452	15191619
3	Male	2000	2	0.0	0	3080921	19919840
3	Female	2000	2	0.0	0	2933841	19919840
3	Male	2000	3	0.0	0	3025979	20056779
3	Female	2000	3	0.0	0	2880388	20056779
3	Male	2000	4	0.0	1	2933994	19819518
3	Female	2000	4	0.1	2	2752065	19819518
3	Male	2000	5	0.0	1	2799544	18257225
3	Female	2000	5	0.2	5	2633100	18257225
3	Male	2000	6	0.1	4	2862625	17722067
3	Female	2000	6	0.5	13	2761158	17722067
3	Male	2000	7	0.7	21	3045979	19511370
3	Female	2000	7	0.8	24	2964683	19511370
3	Male	2000	8	2.1	68	3246492	22179956
3	Female	2000	8	1.3	42	3226380	22179956
3	Male	2000	9	3.7	117	3143783	22479229
3	Female	2000	9	3.3	106	3173885	22479229
3	Male	2000	10	6.3	175	2756927	19805793
3	Female	2000	10	5.0	141	2843695	19805793
3	Male	2000	11	10.6	254	2390689	17224359
3	Female	2000	11	9.4	235	2496861	17224359
3	Male	2000	12	20.3	358	1766119	13307234
3	Female	2000	12	14.0	263	1876056	13307234
3	Male	2000	13	30.8	416	1350089	10654272
3	Female	2000	13	20.7	308	1485874	10654272
3	Male	2000	14	38.3	430	1122586	9409940
3	Female	2000	14	30.9	406	1315536	9409940
3	Male	2000	15	55.2	545	987830	8725574
3	Female	2000	15	35.4	447	1262258	8725574
3	Male	2000	16	60.6	477	787725	7414559
3	Female	2000	16	44.4	500	1125138	7414559
3	Male	2000	17	75.8	363	478789	4900234
3	Female	2000	17	55.9	443	792310	4900234
3	Male	2000	18	76.2	244	320392	4259173
3	Female	2000	18	59.0	446	755524	4259173
3	Male	2001	0	0.0	0	599904	3794901
3	Female	2001	0	0.0	0	573225	3794901
3	Male	2001	1	0.0	0	2282027	15191619
3	Female	2001	1	0.0	0	2179050	15191619
3	Male	2001	2	0.0	0	3032266	19919840
3	Female	2001	2	0.0	0	2889200	19919840
3	Male	2001	3	0.1	2	3093951	20056779
3	Female	2001	3	0.0	1	2945487	20056779
3	Male	2001	4	0.0	1	2961407	19819518
3	Female	2001	4	0.1	3	2763336	19819518
3	Male	2001	5	0.2	6	2897135	18257225
3	Female	2001	5	0.1	3	2728766	18257225
3	Male	2001	6	0.3	8	2804821	17722067
3	Female	2001	6	0.5	13	2705390	17722067
3	Male	2001	7	0.6	17	3065063	19511370
3	Female	2001	7	0.9	26	2988624	19511370
3	Male	2001	8	1.6	52	3204342	22179956
3	Female	2001	8	1.8	58	3177357	22179956
3	Male	2001	9	3.3	106	3189745	22479229
3	Female	2001	9	3.5	111	3216684	22479229
3	Male	2001	10	6.3	177	2829602	19805793
3	Female	2001	10	6.9	200	2912119	19805793
3	Male	2001	11	11.8	297	2506606	17224359
3	Female	2001	11	9.2	242	2619352	17224359
3	Male	2001	12	19.6	358	1827690	13307234
3	Female	2001	12	13.0	253	1942931	13307234
3	Male	2001	13	31.2	434	1389105	10654272
3	Female	2001	13	20.8	317	1524996	10654272
3	Male	2001	14	43.1	487	1129524	9409940
3	Female	2001	14	26.5	350	1318960	9409940
3	Male	2001	15	53.1	526	989757	8725574
3	Female	2001	15	35.7	447	1251372	8725574
3	Male	2001	16	63.8	504	790247	7414559
3	Female	2001	16	44.3	499	1125309	7414559
3	Male	2001	17	70.5	353	500490	4900234
3	Female	2001	17	57.3	469	818123	4900234
3	Male	2001	18	75.7	249	328783	4259173
3	Female	2001	18	62.1	475	765071	4259173
3	Male	2002	0	0.0	0	589710	3794901
3	Female	2002	0	0.0	0	565467	3794901
3	Male	2002	1	0.0	0	2302459	15191619
3	Female	2002	1	0.0	0	2198741	15191619
3	Male	2002	2	0.0	0	2978638	19919840
3	Female	2002	2	0.0	0	2838476	19919840
3	Male	2002	3	0.0	0	3150143	20056779
3	Female	2002	3	0.0	1	3000772	20056779
3	Male	2002	4	0.1	3	2984818	19819518
3	Female	2002	4	0.0	0	2786093	19819518
3	Male	2002	5	0.1	3	2965505	18257225
3	Female	2002	5	0.3	8	2796999	18257225
3	Male	2002	6	0.5	15	2781653	17722067
3	Female	2002	6	0.2	6	2690291	17722067
3	Male	2002	7	0.8	23	3059136	19511370
3	Female	2002	7	1.0	29	2988227	19511370
3	Male	2002	8	1.8	56	3140557	22179956
3	Female	2002	8	2.0	63	3120622	22179956
3	Male	2002	9	3.1	100	3207480	22479229
3	Female	2002	9	3.5	113	3231673	22479229
3	Male	2002	10	7.5	218	2911473	19805793
3	Female	2002	10	6.4	190	2992091	19805793
3	Male	2002	11	12.9	325	2513170	17224359
3	Female	2002	11	10.0	264	2627578	17224359
3	Male	2002	12	20.8	413	1985879	13307234
3	Female	2002	12	14.3	302	2108282	13307234
3	Male	2002	13	31.1	450	1444771	10654272
3	Female	2002	13	19.0	300	1582611	10654272
3	Male	2002	14	40.4	462	1142257	9409940
3	Female	2002	14	26.9	358	1328517	9409940
3	Male	2002	15	52.8	521	986920	8725574
3	Female	2002	15	35.2	436	1237007	8725574
3	Male	2002	16	61.8	489	791847	7414559
3	Female	2002	16	48.2	541	1122423	7414559
3	Male	2002	17	76.1	397	521554	4900234
3	Female	2002	17	57.8	487	843176	4900234
3	Male	2002	18	70.7	239	338078	4259173
3	Female	2002	18	60.7	470	774881	4259173
3	Male	2003	0	0.0	0	597416	3794901
3	Female	2003	0	0.0	0	569937	3794901
3	Male	2003	1	0.0	0	2320222	15191619
3	Female	2003	1	0.0	0	2218709	15191619
3	Male	2003	2	0.0	0	2928348	19919840
3	Female	2003	2	0.0	0	2794680	19919840
3	Male	2003	3	0.0	0	3185783	20056779
3	Female	2003	3	0.0	0	3033117	20056779
3	Male	2003	4	0.2	5	3013055	19819518
3	Female	2003	4	0.1	2	2823788	19819518
3	Male	2003	5	0.2	7	2999362	18257225
3	Female	2003	5	0.2	7	2843890	18257225
3	Male	2003	6	0.4	12	2782231	17722067
3	Female	2003	6	0.3	7	2704633	17722067
3	Male	2003	7	0.9	28	3018949	19511370
3	Female	2003	7	1.3	40	2964921	19511370
3	Male	2003	8	1.8	56	3079866	22179956
3	Female	2003	8	1.6	49	3065864	22179956
3	Male	2003	9	3.5	112	3211591	22479229
3	Female	2003	9	3.7	119	3242689	22479229
3	Male	2003	10	7.4	222	2982780	19805793
3	Female	2003	10	6.2	189	3057376	19805793
3	Male	2003	11	13.3	341	2561004	17224359
3	Female	2003	11	9.4	252	2679682	17224359
3	Male	2003	12	18.3	380	2077558	13307234
3	Female	2003	12	13.7	302	2206031	13307234
3	Male	2003	13	28.1	429	1528167	10654272
3	Female	2003	13	19.0	318	1670693	10654272
3	Male	2003	14	44.5	521	1169972	9409940
3	Female	2003	14	28.4	385	1354029	9409940
3	Male	2003	15	53.4	525	982763	8725574
3	Female	2003	15	33.0	404	1224180	8725574
3	Male	2003	16	59.4	472	795261	7414559
3	Female	2003	16	47.1	527	1118748	7414559
3	Male	2003	17	70.3	377	536639	4900234
3	Female	2003	17	51.2	441	861296	4900234
3	Male	2003	18	64.8	228	351832	4259173
3	Female	2003	18	60.1	475	790792	4259173
3	Male	2004	0	0.0	0	598427	3794901
3	Female	2004	0	0.0	0	574259	3794901
3	Male	2004	1	0.0	0	2343022	15191619
3	Female	2004	1	0.0	0	2240463	15191619
3	Male	2004	2	0.0	0	2886210	19919840
3	Female	2004	2	0.0	0	2757693	19919840
3	Male	2004	3	0.0	0	3192788	20056779
3	Female	2004	3	0.0	1	3038566	20056779
3	Male	2004	4	0.1	2	3062053	19819518
3	Female	2004	4	0.0	1	2874577	19819518
3	Male	2004	5	0.2	7	3042914	18257225
3	Female	2004	5	0.3	8	2866267	18257225
3	Male	2004	6	0.5	13	2824098	17722067
3	Female	2004	6	0.4	12	2748987	17722067
3	Male	2004	7	1.0	31	2967704	19511370
3	Female	2004	7	0.8	23	2916991	19511370
3	Male	2004	8	2.3	69	3034156	22179956
3	Female	2004	8	1.9	58	3015731	22179956
3	Male	2004	9	3.0	96	3223156	22479229
3	Female	2004	9	3.4	111	3253984	22479229
3	Male	2004	10	7.4	224	3030315	19805793
3	Female	2004	10	6.7	209	3101419	19805793
3	Male	2004	11	12.6	331	2625180	17224359
3	Female	2004	11	9.8	269	2742842	17224359
3	Male	2004	12	19.4	423	2178589	13307234
3	Female	2004	12	14.4	334	2315943	13307234
3	Male	2004	13	30.8	490	1592002	10654272
3	Female	2004	13	19.9	346	1740347	10654272
3	Male	2004	14	37.8	454	1201227	9409940
3	Female	2004	14	26.8	370	1381841	9409940
3	Male	2004	15	51.9	507	976963	8725574
3	Female	2004	15	33.4	405	1212040	8725574
3	Male	2004	16	60.3	478	793179	7414559
3	Female	2004	16	43.1	476	1104912	7414559
3	Male	2004	17	67.9	375	551878	4900234
3	Female	2004	17	52.0	458	880359	4900234
3	Male	2004	18	68.6	249	362894	4259173
3	Female	2004	18	59.0	473	801609	4259173
3	Male	2005	0	0.0	0	581022	3794901
3	Female	2005	0	0.0	0	555029	3794901
3	Male	2005	1	0.0	0	2291523	15191619
3	Female	2005	1	0.0	0	2195086	15191619
3	Male	2005	2	0.0	0	2776935	19919840
3	Female	2005	2	0.0	0	2652390	19919840
3	Male	2005	3	0.1	2	3077005	20056779
3	Female	2005	3	0.0	0	2930377	20056779
3	Male	2005	4	0.1	2	3037439	19819518
3	Female	2005	4	0.1	4	2851892	19819518
3	Male	2005	5	0.1	4	2966425	18257225
3	Female	2005	5	0.2	6	2770261	18257225
3	Male	2005	6	0.8	21	2795697	17722067
3	Female	2005	6	0.5	15	2732159	17722067
3	Male	2005	7	0.9	25	2817762	19511370
3	Female	2005	7	1.6	45	2773631	19511370
3	Male	2005	8	2.2	64	2950087	22179956
3	Female	2005	8	1.7	50	2933283	22179956
3	Male	2005	9	3.7	116	3111393	22479229
3	Female	2005	9	3.6	113	3137646	22479229
3	Male	2005	10	8.1	243	2996181	19805793
3	Female	2005	10	6.8	209	3060955	19805793
3	Male	2005	11	13.1	343	2616692	17224359
3	Female	2005	11	10.1	276	2727068	17224359
3	Male	2005	12	19.9	444	2230717	13307234
3	Female	2005	12	12.5	297	2370116	13307234
3	Male	2005	13	30.3	486	1602648	10654272
3	Female	2005	13	20.8	364	1748116	10654272
3	Male	2005	14	39.8	475	1194275	9409940
3	Female	2005	14	26.6	364	1367622	9409940
3	Male	2005	15	49.8	474	951777	8725574
3	Female	2005	15	31.2	366	1173159	8725574
3	Male	2005	16	56.9	442	776760	7414559
3	Female	2005	16	39.8	424	1065371	7414559
3	Male	2005	17	63.3	347	547960	4900234
3	Female	2005	17	48.8	423	867643	4900234
3	Male	2005	18	59.7	223	373391	4259173
3	Female	2005	18	57.9	467	806910	4259173
3	Male	2006	0	0.0	0	593708	3794901
3	Female	2006	0	0.0	0	567144	3794901
3	Male	2006	1	0.0	0	2341286	15191619
3	Female	2006	1	0.0	0	2242688	15191619
3	Male	2006	2	0.0	0	2849398	19919840
3	Female	2006	2	0.0	0	2723493	19919840
3	Male	2006	3	0.0	1	3116501	20056779
3	Female	2006	3	0.0	0	2970163	20056779
3	Male	2006	4	0.1	2	3169678	19819518
3	Female	2006	4	0.0	1	2984788	19819518
3	Male	2006	5	0.1	4	3050266	18257225
3	Female	2006	5	0.4	11	2840625	18257225
3	Male	2006	6	0.6	19	2939151	17722067
3	Female	2006	6	0.5	13	2879323	17722067
3	Male	2006	7	1.2	35	2810860	19511370
3	Female	2006	7	1.0	29	2769626	19511370
3	Male	2006	8	2.5	77	3025622	22179956
3	Female	2006	8	2.0	61	3018805	22179956
3	Male	2006	9	4.4	139	3137662	22479229
3	Female	2006	9	4.1	129	3160163	22479229
3	Male	2006	10	7.1	222	3110827	19805793
3	Female	2006	10	6.0	189	3174866	19805793
3	Male	2006	11	13.0	359	2755714	17224359
3	Female	2006	11	10.1	289	2867859	17224359
3	Male	2006	12	19.2	460	2397315	13307234
3	Female	2006	12	13.1	333	2549195	13307234
3	Male	2006	13	27.7	472	1702090	10654272
3	Female	2006	13	18.2	338	1857877	10654272
3	Male	2006	14	39.2	495	1262047	9409940
3	Female	2006	14	26.3	379	1441194	9409940
3	Male	2006	15	46.0	453	983745	8725574
3	Female	2006	15	35.3	427	1208529	8725574
3	Male	2006	16	52.7	422	800825	7414559
3	Female	2006	16	40.5	439	1084967	7414559
3	Male	2006	17	59.8	338	564776	4900234
3	Female	2006	17	48.7	434	890804	4900234
3	Male	2006	18	63.7	256	401935	4259173
3	Female	2006	18	59.1	505	854042	4259173
3	Male	2007	0	0.0	0	612468	3794901
3	Female	2007	0	0.0	0	584192	3794901
3	Male	2007	1	0.0	0	2348109	15191619
3	Female	2007	1	0.0	0	2246312	15191619
3	Male	2007	2	0.0	0	2860839	19919840
3	Female	2007	2	0.0	0	2736193	19919840
3	Male	2007	3	0.0	0	3080047	20056779
3	Female	2007	3	0.0	1	2934295	20056779
3	Male	2007	4	0.1	3	3215423	19819518
3	Female	2007	4	0.1	4	3032629	19819518
3	Male	2007	5	0.2	6	3054081	18257225
3	Female	2007	5	0.2	7	2847203	18257225
3	Male	2007	6	0.4	11	2991760	17722067
3	Female	2007	6	0.5	14	2931022	17722067
3	Male	2007	7	0.7	19	2786372	19511370
3	Female	2007	7	1.2	34	2750285	19511370
3	Male	2007	8	2.1	62	3017191	22179956
3	Female	2007	8	2.0	59	3014397	22179956
3	Male	2007	9	4.1	127	3074201	22479229
3	Female	2007	9	4.3	133	3099894	22479229
3	Male	2007	10	8.3	261	3125909	19805793
3	Female	2007	10	6.4	204	3186705	19805793
3	Male	2007	11	13.3	378	2835421	17224359
3	Female	2007	11	10.1	299	2948400	17224359
3	Male	2007	12	19.4	465	2401058	13307234
3	Female	2007	12	13.3	340	2557235	13307234
3	Male	2007	13	25.1	465	1853435	10654272
3	Female	2007	13	19.0	384	2017874	10654272
3	Male	2007	14	34.1	448	1314657	9409940
3	Female	2007	14	25.1	376	1496313	9409940
3	Male	2007	15	46.9	467	996130	8725574
3	Female	2007	15	31.5	384	1217432	8725574
3	Male	2007	16	52.7	422	801187	7414559
3	Female	2007	16	38.7	416	1074296	7414559
3	Male	2007	17	59.5	339	569632	4900234
3	Female	2007	17	47.1	420	892143	4900234
3	Male	2007	18	66.1	280	423307	4259173
3	Female	2007	18	52.9	467	882629	4259173
3	Male	2008	0	0.0	0	610596	3794901
3	Female	2008	0	0.0	0	584498	3794901
3	Male	2008	1	0.0	0	2370461	15191619
3	Female	2008	1	0.0	0	2266840	15191619
3	Male	2008	2	0.0	0	2891717	19919840
3	Female	2008	2	0.0	0	2765254	19919840
3	Male	2008	3	0.0	0	3050006	20056779
3	Female	2008	3	0.0	0	2908733	20056779
3	Male	2008	4	0.2	6	3243139	19819518
3	Female	2008	4	0.1	2	3060919	19819518
3	Male	2008	5	0.2	7	3066283	18257225
3	Female	2008	5	0.1	4	2870270	18257225
3	Male	2008	6	0.6	19	3044368	17722067
3	Female	2008	6	0.5	15	2971681	17722067
3	Male	2008	7	1.1	32	2803366	19511370
3	Female	2008	7	1.1	30	2766658	19511370
3	Male	2008	8	2.1	62	2986309	22179956
3	Female	2008	8	2.5	74	2992905	22179956
3	Male	2008	9	5.0	150	3023271	22479229
3	Female	2008	9	4.2	129	3043567	22479229
3	Male	2008	10	8.0	252	3131305	19805793
3	Female	2008	10	6.7	214	3196207	19805793
3	Male	2008	11	12.7	369	2908698	17224359
3	Female	2008	11	9.3	280	3016673	17224359
3	Male	2008	12	19.4	475	2451765	13307234
3	Female	2008	12	14.0	367	2613707	13307234
3	Male	2008	13	26.5	515	1943338	10654272
3	Female	2008	13	17.4	368	2112190	10654272
3	Male	2008	14	34.3	478	1394739	9409940
3	Female	2008	14	23.4	370	1582692	9409940
3	Male	2008	15	46.5	475	1021943	8725574
3	Female	2008	15	30.0	372	1240085	8725574
3	Male	2008	16	53.3	427	800676	7414559
3	Female	2008	16	38.5	410	1063806	7414559
3	Male	2008	17	63.8	367	575269	4900234
3	Female	2008	17	45.5	406	891766	4900234
3	Male	2008	18	67.0	297	443599	4259173
3	Female	2008	18	52.9	481	909484	4259173
3	Male	2009	0	0.0	0	585573	3794901
3	Female	2009	0	0.0	0	560975	3794901
3	Male	2009	1	0.0	0	2385515	15191619
3	Female	2009	1	0.0	0	2279398	15191619
3	Male	2009	2	0.0	0	2931909	19919840
3	Female	2009	2	0.0	0	2807458	19919840
3	Male	2009	3	0.0	0	3031579	20056779
3	Female	2009	3	0.0	0	2893945	20056779
3	Male	2009	4	0.1	3	3245554	19819518
3	Female	2009	4	0.0	1	3065132	19819518
3	Male	2009	5	0.3	10	3100804	18257225
3	Female	2009	5	0.2	7	2910105	18257225
3	Male	2009	6	0.5	14	3074983	17722067
3	Female	2009	6	0.5	14	2984018	17722067
3	Male	2009	7	1.1	31	2848607	19511370
3	Female	2009	7	1.1	31	2813684	19511370
3	Male	2009	8	2.2	66	2939622	22179956
3	Female	2009	8	2.3	67	2951644	22179956
3	Male	2009	9	4.1	122	2978263	22479229
3	Female	2009	9	4.8	143	2995091	22479229
3	Male	2009	10	9.0	282	3144431	19805793
3	Female	2009	10	7.1	229	3208543	19805793
3	Male	2009	11	12.4	368	2959637	17224359
3	Female	2009	11	9.9	303	3066740	17224359
3	Male	2009	12	18.7	470	2518596	13307234
3	Female	2009	12	13.7	367	2684152	13307234
3	Male	2009	13	26.0	532	2047922	10654272
3	Female	2009	13	17.6	391	2225830	10654272
3	Male	2009	14	31.7	463	1459621	9409940
3	Female	2009	14	23.5	389	1655243	9409940
3	Male	2009	15	42.9	452	1053320	8725574
3	Female	2009	15	31.4	398	1268624	8725574
3	Male	2009	16	50.3	403	800923	7414559
3	Female	2009	16	40.3	426	1057660	7414559
3	Male	2009	17	57.8	335	579227	4900234
3	Female	2009	17	44.8	397	886153	4900234
3	Male	2009	18	67.5	313	463492	4259173
3	Female	2009	18	48.5	455	938740	4259173
3	Male	2010	0	0.0	0	578496	3794901
3	Female	2010	0	0.0	0	554600	3794901
3	Male	2010	1	0.0	0	2380505	15191619
3	Female	2010	1	0.0	0	2276499	15191619
3	Male	2010	2	0.0	0	2959804	19919840
3	Female	2010	2	0.0	0	2836481	19919840
3	Male	2010	3	0.0	0	3026588	20056779
3	Female	2010	3	0.0	0	2888431	20056779
3	Male	2010	4	0.0	1	3215196	19819518
3	Female	2010	4	0.1	2	3040576	19819518
3	Male	2010	5	0.2	6	3145199	18257225
3	Female	2010	5	0.2	6	2968019	18257225
3	Male	2010	6	0.6	19	3078847	17722067
3	Female	2010	6	0.6	19	2981091	17722067
3	Male	2010	7	1.2	35	2905613	19511370
3	Female	2010	7	0.9	27	2876407	19511370
3	Male	2010	8	2.2	62	2874412	22179956
3	Female	2010	8	2.0	58	2894134	22179956
3	Male	2010	9	4.3	127	2977587	22479229
3	Female	2010	9	4.2	125	2994355	22479229
3	Male	2010	10	9.8	306	3120951	19805793
3	Female	2010	10	7.5	238	3183625	19805793
3	Male	2010	11	13.1	395	3014076	17224359
3	Female	2010	11	10.4	324	3119565	17224359
3	Male	2010	12	18.2	471	2592217	13307234
3	Female	2010	12	12.8	354	2758842	13307234
3	Male	2010	13	25.0	541	2162456	10654272
3	Female	2010	13	18.9	445	2348886	10654272
3	Male	2010	14	34.3	521	1520564	9409940
3	Female	2010	14	21.8	375	1719033	9409940
3	Male	2010	15	42.2	457	1082127	8725574
3	Female	2010	15	28.6	371	1296752	8725574
3	Male	2010	16	45.6	368	806799	7414559
3	Female	2010	16	35.3	373	1057313	7414559
3	Male	2010	17	54.5	321	588996	4900234
3	Female	2010	17	43.4	384	884436	4900234
3	Male	2010	18	65.4	316	482812	4259173
3	Female	2010	18	51.6	500	968249	4259173
3	Male	2011	0	0.0	0	585569	3794901
3	Female	2011	0	0.0	0	558152	3794901
3	Male	2011	1	0.0	0	2368672	15191619
3	Female	2011	1	0.0	0	2268954	15191619
3	Male	2011	2	0.0	0	2963830	19919840
3	Female	2011	2	0.0	0	2839697	19919840
3	Male	2011	3	0.0	0	3020128	20056779
3	Female	2011	3	0.0	0	2886295	20056779
3	Male	2011	4	0.0	1	3161046	19819518
3	Female	2011	4	0.0	1	2986094	19819518
3	Male	2011	5	0.3	9	3229068	18257225
3	Female	2011	5	0.3	8	3049275	18257225
3	Male	2011	6	1.0	30	3108598	17722067
3	Female	2011	6	0.6	18	2991996	17722067
3	Male	2011	7	1.3	40	2969073	19511370
3	Female	2011	7	1.4	42	2935719	19511370
3	Male	2011	8	2.9	82	2816889	22179956
3	Female	2011	8	2.3	65	2833105	22179956
3	Male	2011	9	4.2	127	2995491	22479229
3	Female	2011	9	4.3	130	3018769	22479229
3	Male	2011	10	8.9	273	3071432	19805793
3	Female	2011	10	7.4	232	3127661	19805793
3	Male	2011	11	13.6	414	3047056	17224359
3	Female	2011	11	10.1	319	3150547	17224359
3	Male	2011	12	18.9	503	2662079	13307234
3	Female	2011	12	12.4	352	2828851	13307234
3	Male	2011	13	27.5	623	2261867	10654272
3	Female	2011	13	17.3	425	2463662	10654272
3	Male	2011	14	32.1	506	1577669	9409940
3	Female	2011	14	19.7	351	1779537	9409940
3	Male	2011	15	36.0	403	1118182	8725574
3	Female	2011	15	28.6	382	1335718	8725574
3	Male	2011	16	47.7	390	818205	7414559
3	Female	2011	16	35.1	374	1064205	7414559
3	Male	2011	17	60.7	362	596823	4900234
3	Female	2011	17	40.9	361	881961	4900234
3	Male	2011	18	68.2	342	501275	4259173
3	Female	2011	18	46.1	457	991326	4259173
3	Male	2012	0	0.0	0	574852	3794901
3	Female	2012	0	0.0	0	550728	3794901
3	Male	2012	1	0.0	0	2354121	15191619
3	Female	2012	1	0.0	0	2253959	15191619
3	Male	2012	2	0.0	0	2986829	19919840
3	Female	2012	2	0.0	0	2861060	19919840
3	Male	2012	3	0.0	0	3002865	20056779
3	Female	2012	3	0.0	0	2872004	20056779
3	Male	2012	4	0.0	1	3112682	19819518
3	Female	2012	4	0.0	0	2948312	19819518
3	Male	2012	5	0.4	12	3297976	18257225
3	Female	2012	5	0.2	7	3110629	18257225
3	Male	2012	6	0.8	24	3130294	17722067
3	Female	2012	6	0.7	20	2997216	17722067
3	Male	2012	7	1.1	34	3028777	19511370
3	Female	2012	7	1.3	39	2987276	19511370
3	Male	2012	8	2.4	68	2807973	22179956
3	Female	2012	8	2.9	82	2822632	22179956
3	Male	2012	9	4.7	141	2993638	22479229
3	Female	2012	9	3.7	113	3020449	22479229
3	Male	2012	10	8.7	263	3020812	19805793
3	Female	2012	10	7.3	223	3073502	19805793
3	Male	2012	11	13.7	418	3056907	17224359
3	Female	2012	11	11.1	350	3158654	17224359
3	Male	2012	12	16.4	450	2738397	13307234
3	Female	2012	12	13.2	383	2905442	13307234
3	Male	2012	13	26.3	595	2266213	10654272
3	Female	2012	13	16.5	409	2473130	10654272
3	Male	2012	14	32.7	562	1718992	9409940
3	Female	2012	14	21.2	410	1931510	9409940
3	Male	2012	15	37.0	432	1168835	8725574
3	Female	2012	15	26.2	364	1390723	8725574
3	Male	2012	16	45.7	381	833118	7414559
3	Female	2012	16	34.2	368	1075643	7414559
3	Male	2012	17	52.5	316	602301	4900234
3	Female	2012	17	40.4	355	877733	4900234
3	Male	2012	18	57.2	298	521250	4259173
3	Female	2012	18	46.1	469	1016347	4259173
3	Male	2013	0	0.0	0	575827	3794901
3	Female	2013	0	0.0	0	550848	3794901
3	Male	2013	1	0.0	0	2331961	15191619
3	Female	2013	1	0.0	0	2233593	15191619
3	Male	2013	2	0.0	0	3003618	19919840
3	Female	2013	2	0.0	0	2876058	19919840
3	Male	2013	3	0.1	2	2993355	20056779
3	Female	2013	3	0.0	1	2867962	20056779
3	Male	2013	4	0.1	2	3073384	19819518
3	Female	2013	4	0.1	3	2920567	19819518
3	Male	2013	5	0.3	9	3336246	18257225
3	Female	2013	5	0.1	3	3137393	18257225
3	Male	2013	6	0.7	23	3164319	17722067
3	Female	2013	6	0.6	17	3021622	17722067
3	Male	2013	7	1.4	43	3083248	19511370
3	Female	2013	7	1.3	39	3034696	19511370
3	Male	2013	8	3.3	92	2828975	22179956
3	Female	2013	8	2.6	74	2835615	22179956
3	Male	2013	9	4.7	138	2964988	22479229
3	Female	2013	9	5.2	155	3001649	22479229
3	Male	2013	10	9.6	285	2972214	19805793
3	Female	2013	10	7.6	228	3019315	19805793
3	Male	2013	11	14.2	435	3063313	17224359
3	Female	2013	11	10.5	332	3163431	17224359
3	Male	2013	12	19.6	550	2799965	13307234
3	Female	2013	12	13.7	407	2964547	13307234
3	Male	2013	13	24.1	557	2308303	10654272
3	Female	2013	13	15.7	395	2522786	10654272
3	Male	2013	14	29.6	533	1801396	9409940
3	Female	2013	14	19.3	391	2023066	9409940
3	Male	2013	15	37.6	467	1241943	8725574
3	Female	2013	15	26.4	388	1472128	8725574
3	Male	2013	16	45.6	391	857787	7414559
3	Female	2013	16	31.8	350	1100108	7414559
3	Male	2013	17	51.3	311	605757	4900234
3	Female	2013	17	38.6	337	872777	4900234
3	Male	2013	18	54.6	294	538389	4259173
3	Female	2013	18	43.3	448	1034550	4259173
3	Male	2014	0	0.0	0	577066	3794901
3	Female	2014	0	0.0	0	550782	3794901
3	Male	2014	1	0.0	0	2331862	15191619
3	Female	2014	1	0.0	0	2231897	15191619
3	Male	2014	2	0.0	0	2993348	19919840
3	Female	2014	2	0.0	0	2866569	19919840
3	Male	2014	3	0.0	1	2990428	20056779
3	Female	2014	3	0.0	0	2870277	20056779
3	Male	2014	4	0.0	0	3043781	19819518
3	Female	2014	4	0.1	2	2897244	19819518
3	Male	2014	5	0.2	7	3351507	18257225
3	Female	2014	5	0.2	6	3145467	18257225
3	Male	2014	6	0.7	24	3230789	17722067
3	Female	2014	6	0.7	23	3080374	17722067
3	Male	2014	7	1.6	51	3123902	19511370
3	Female	2014	7	2.0	60	3067529	19511370
3	Male	2014	8	2.6	75	2867036	22179956
3	Female	2014	8	2.5	73	2869763	22179956
3	Male	2014	9	5.0	146	2920859	22479229
3	Female	2014	9	4.7	139	2960975	22479229
3	Male	2014	10	9.4	277	2936245	19805793
3	Female	2014	10	7.7	229	2980244	19805793
3	Male	2014	11	13.0	400	3067513	17224359
3	Female	2014	11	10.5	334	3168356	17224359
3	Male	2014	12	20.2	575	2845110	13307234
3	Female	2014	12	13.1	395	3005194	13307234
3	Male	2014	13	27.5	651	2367057	10654272
3	Female	2014	13	16.8	435	2588425	10654272
3	Male	2014	14	29.8	564	1890121	9409940
3	Female	2014	14	21.3	452	2124217	9409940
3	Male	2014	15	37.9	492	1299605	8725574
3	Female	2014	15	25.9	398	1539053	8725574
3	Male	2014	16	44.4	394	888200	7414559
3	Female	2014	16	32.0	362	1131035	7414559
3	Male	2014	17	54.5	332	609007	4900234
3	Female	2014	17	41.3	359	869447	4900234
3	Male	2014	18	55.1	306	555031	4259173
3	Female	2014	18	42.1	443	1052322	4259173
