Stage	Age Category	Year of Diagnosis	Age Group	Age-Adjusted Rate	Count	Population	Std Pop
1	2	2000	11	20.9	1021	4887550	17224359
1	2	2000	12	31.8	1158	3642175	13307234
1	2	2000	13	52.4	1485	2835963	10654272
1	2	2001	11	21.1	1080	5125958	17224359
1	2	2001	12	32.8	1238	3770621	13307234
1	2	2001	13	52.2	1520	2914101	10654272
1	2	2002	11	22.6	1160	5140748	17224359
1	2	2002	12	33.2	1359	4094161	13307234
1	2	2002	13	50.0	1513	3027382	10654272
1	2	2003	11	22.3	1169	5240686	17224359
1	2	2003	12	32.3	1382	4283589	13307234
1	2	2003	13	49.0	1566	3198860	10654272
1	2	2004	11	23.5	1259	5368022	17224359
1	2	2004	12	30.7	1382	4494532	13307234
1	2	2004	13	46.5	1551	3332349	10654272
1	2	2005	11	24.0	1280	5343760	17224359
1	2	2005	12	32.4	1489	4600833	13307234
1	2	2005	13	47.9	1604	3350764	10654272
1	2	2006	11	23.5	1319	5623573	17224359
1	2	2006	12	29.5	1461	4946510	13307234
1	2	2006	13	44.4	1580	3559967	10654272
1	2	2007	11	25.3	1463	5783821	17224359
1	2	2007	12	31.7	1574	4958293	13307234
1	2	2007	13	44.4	1720	3871309	10654272
1	2	2008	11	25.2	1495	5925371	17224359
1	2	2008	12	30.2	1529	5065472	13307234
1	2	2008	13	42.3	1714	4055528	10654272
1	2	2009	11	26.1	1574	6026377	17224359
1	2	2009	12	30.8	1601	5202748	13307234
1	2	2009	13	41.0	1754	4273752	10654272
1	2	2010	11	25.0	1531	6133641	17224359
1	2	2010	12	28.3	1517	5351059	13307234
1	2	2010	13	38.6	1743	4511342	10654272
1	2	2011	11	24.2	1502	6197603	17224359
1	2	2011	12	25.5	1402	5490930	13307234
1	2	2011	13	35.8	1693	4725529	10654272
1	2	2012	11	25.3	1570	6215561	17224359
1	2	2012	12	27.0	1526	5643839	13307234
1	2	2012	13	34.7	1644	4739343	10654272
1	2	2013	11	24.0	1495	6226744	17224359
1	2	2013	12	25.9	1494	5764512	13307234
1	2	2013	13	34.8	1683	4831089	10654272
1	2	2014	11	27.1	1691	6235869	17224359
1	2	2014	12	27.9	1633	5850304	13307234
1	2	2014	13	35.4	1752	4955482	10654272
2	2	2000	11	18.8	917	4887550	17224359
2	2	2000	12	30.0	1091	3642175	13307234
2	2	2000	13	50.1	1422	2835963	10654272
2	2	2001	11	19.0	972	5125958	17224359
2	2	2001	12	30.9	1164	3770621	13307234
2	2	2001	13	47.2	1376	2914101	10654272
2	2	2002	11	19.5	1004	5140748	17224359
2	2	2002	12	28.9	1183	4094161	13307234
2	2	2002	13	45.0	1362	3027382	10654272
2	2	2003	11	18.8	983	5240686	17224359
2	2	2003	12	28.3	1212	4283589	13307234
2	2	2003	13	42.7	1367	3198860	10654272
2	2	2004	11	19.4	1042	5368022	17224359
2	2	2004	12	27.7	1244	4494532	13307234
2	2	2004	13	39.5	1317	3332349	10654272
2	2	2005	11	18.2	972	5343760	17224359
2	2	2005	12	27.3	1258	4600833	13307234
2	2	2005	13	38.8	1300	3350764	10654272
2	2	2006	11	18.1	1016	5623573	17224359
2	2	2006	12	27.0	1335	4946510	13307234
2	2	2006	13	37.8	1347	3559967	10654272
2	2	2007	11	19.2	1112	5783821	17224359
2	2	2007	12	27.0	1338	4958293	13307234
2	2	2007	13	37.8	1465	3871309	10654272
2	2	2008	11	19.2	1135	5925371	17224359
2	2	2008	12	25.9	1314	5065472	13307234
2	2	2008	13	33.7	1366	4055528	10654272
2	2	2009	11	19.7	1185	6026377	17224359
2	2	2009	12	23.4	1215	5202748	13307234
2	2	2009	13	34.6	1480	4273752	10654272
2	2	2010	11	18.9	1159	6133641	17224359
2	2	2010	12	23.5	1256	5351059	13307234
2	2	2010	13	33.3	1501	4511342	10654272
2	2	2011	11	17.8	1103	6197603	17224359
2	2	2011	12	22.7	1244	5490930	13307234
2	2	2011	13	32.6	1540	4725529	10654272
2	2	2012	11	19.5	1212	6215561	17224359
2	2	2012	12	23.0	1298	5643839	13307234
2	2	2012	13	31.7	1502	4739343	10654272
2	2	2013	11	19.0	1184	6226744	17224359
2	2	2013	12	22.8	1317	5764512	13307234
2	2	2013	13	30.7	1483	4831089	10654272
2	2	2014	11	19.0	1185	6235869	17224359
2	2	2014	12	24.4	1428	5850304	13307234
2	2	2014	13	32.2	1596	4955482	10654272
3	2	2000	11	10.0	489	4887550	17224359
3	2	2000	12	17.1	621	3642175	13307234
3	2	2000	13	25.5	724	2835963	10654272
3	2	2001	11	10.5	539	5125958	17224359
3	2	2001	12	16.2	611	3770621	13307234
3	2	2001	13	25.8	751	2914101	10654272
3	2	2002	11	11.5	589	5140748	17224359
3	2	2002	12	17.5	715	4094161	13307234
3	2	2002	13	24.8	750	3027382	10654272
3	2	2003	11	11.3	593	5240686	17224359
3	2	2003	12	15.9	682	4283589	13307234
3	2	2003	13	23.4	747	3198860	10654272
3	2	2004	11	11.2	600	5368022	17224359
3	2	2004	12	16.8	757	4494532	13307234
3	2	2004	13	25.1	836	3332349	10654272
3	2	2005	11	11.6	619	5343760	17224359
3	2	2005	12	16.1	741	4600833	13307234
3	2	2005	13	25.4	850	3350764	10654272
3	2	2006	11	11.5	648	5623573	17224359
3	2	2006	12	16.0	793	4946510	13307234
3	2	2006	13	22.8	810	3559967	10654272
3	2	2007	11	11.7	677	5783821	17224359
3	2	2007	12	16.2	805	4958293	13307234
3	2	2007	13	21.9	849	3871309	10654272
3	2	2008	11	11.0	649	5925371	17224359
3	2	2008	12	16.6	842	5065472	13307234
3	2	2008	13	21.8	883	4055528	10654272
3	2	2009	11	11.1	671	6026377	17224359
3	2	2009	12	16.1	837	5202748	13307234
3	2	2009	13	21.6	923	4273752	10654272
3	2	2010	11	11.7	719	6133641	17224359
3	2	2010	12	15.4	825	5351059	13307234
3	2	2010	13	21.9	986	4511342	10654272
3	2	2011	11	11.8	733	6197603	17224359
3	2	2011	12	15.6	855	5490930	13307234
3	2	2011	13	22.2	1048	4725529	10654272
3	2	2012	11	12.4	768	6215561	17224359
3	2	2012	12	14.8	833	5643839	13307234
3	2	2012	13	21.2	1004	4739343	10654272
3	2	2013	11	12.3	767	6226744	17224359
3	2	2013	12	16.6	957	5764512	13307234
3	2	2013	13	19.7	952	4831089	10654272
3	2	2014	11	11.8	734	6235869	17224359
3	2	2014	12	16.6	970	5850304	13307234
3	2	2014	13	21.9	1086	4955482	10654272
